0	0.000000	0
0	0.020000	0
0	0.040000	0
0	0.060000	0
0	0.080000	0
0	0.100000	0
0	0.120000	0
0	0.140000	0
0	0.160000	0
0	0.180000	0
0	0.200000	0
0	0.220000	0
0	0.240000	0
0	0.260000	0
0	0.280000	0
0	0.300000	0
0	0.320000	0
0	0.340000	0
0	0.360000	0
0	0.380000	0
0	0.400000	0
0	0.420000	0
0	0.440000	0
0	0.460000	0
0	0.480000	0
0	0.500000	0
0	0.520000	0
0	0.540000	0
0	0.560000	0
0	0.580000	0
0	0.600000	0
0	0.620000	0
0	0.640000	0
0	0.660000	0
0	0.680000	0
0	0.700000	0
0	0.720000	0
0	0.740000	0
0	0.760000	0
0	0.780000	0
0	0.800000	0
0	0.820000	0
0	0.840000	0
0	0.860000	0
0	0.880000	0
0	0.900000	0
0	0.920000	0
0	0.940000	0
0	0.960000	0
0	0.980000	0
0	1.000000	110
1	0.000000	0
1	0.020000	0
1	0.040000	0
1	0.060000	0
1	0.080000	0
1	0.100000	0
1	0.120000	0
1	0.140000	0
1	0.160000	0
1	0.180000	0
1	0.200000	0
1	0.220000	0
1	0.240000	0
1	0.260000	0
1	0.280000	0
1	0.300000	0
1	0.320000	0
1	0.340000	0
1	0.360000	0
1	0.380000	0
1	0.400000	0
1	0.420000	0
1	0.440000	0
1	0.460000	0
1	0.480000	0
1	0.500000	0
1	0.520000	0
1	0.540000	0
1	0.560000	0
1	0.580000	0
1	0.600000	0
1	0.620000	0
1	0.640000	0
1	0.660000	0
1	0.680000	0
1	0.700000	0
1	0.720000	0
1	0.740000	0
1	0.760000	0
1	0.780000	0
1	0.800000	0
1	0.820000	0
1	0.840000	0
1	0.860000	0
1	0.880000	0
1	0.900000	0
1	0.920000	0
1	0.940000	0
1	0.960000	0
1	0.980000	0
1	1.000000	210
2	0.000000	0
2	0.020000	0
2	0.040000	0
2	0.060000	0
2	0.080000	0
2	0.100000	0
2	0.120000	0
2	0.140000	0
2	0.160000	0
2	0.180000	0
2	0.200000	0
2	0.220000	0
2	0.240000	0
2	0.260000	0
2	0.280000	0
2	0.300000	0
2	0.320000	0
2	0.340000	0
2	0.360000	0
2	0.380000	0
2	0.400000	0
2	0.420000	0
2	0.440000	0
2	0.460000	0
2	0.480000	0
2	0.500000	0
2	0.520000	0
2	0.540000	0
2	0.560000	0
2	0.580000	0
2	0.600000	0
2	0.620000	0
2	0.640000	0
2	0.660000	0
2	0.680000	0
2	0.700000	0
2	0.720000	0
2	0.740000	0
2	0.760000	0
2	0.780000	0
2	0.800000	0
2	0.820000	0
2	0.840000	0
2	0.860000	0
2	0.880000	0
2	0.900000	0
2	0.920000	0
2	0.940000	0
2	0.960000	0
2	0.980000	0
2	1.000000	310
3	0.000000	0
3	0.020000	0
3	0.040000	0
3	0.060000	0
3	0.080000	0
3	0.100000	0
3	0.120000	0
3	0.140000	0
3	0.160000	0
3	0.180000	0
3	0.200000	0
3	0.220000	0
3	0.240000	0
3	0.260000	0
3	0.280000	0
3	0.300000	0
3	0.320000	0
3	0.340000	0
3	0.360000	0
3	0.380000	0
3	0.400000	0
3	0.420000	0
3	0.440000	0
3	0.460000	0
3	0.480000	0
3	0.500000	0
3	0.520000	0
3	0.540000	0
3	0.560000	0
3	0.580000	0
3	0.600000	0
3	0.620000	0
3	0.640000	0
3	0.660000	0
3	0.680000	0
3	0.700000	0
3	0.720000	0
3	0.740000	0
3	0.760000	0
3	0.780000	0
3	0.800000	0
3	0.820000	0
3	0.840000	0
3	0.860000	0
3	0.880000	0
3	0.900000	0
3	0.920000	0
3	0.940000	0
3	0.960000	0
3	0.980000	0
3	1.000000	410
4	0.000000	0
4	0.020000	0
4	0.040000	0
4	0.060000	0
4	0.080000	0
4	0.100000	0
4	0.120000	0
4	0.140000	0
4	0.160000	0
4	0.180000	0
4	0.200000	0
4	0.220000	0
4	0.240000	0
4	0.260000	0
4	0.280000	0
4	0.300000	0
4	0.320000	0
4	0.340000	0
4	0.360000	0
4	0.380000	0
4	0.400000	0
4	0.420000	0
4	0.440000	0
4	0.460000	0
4	0.480000	0
4	0.500000	0
4	0.520000	0
4	0.540000	0
4	0.560000	0
4	0.580000	0
4	0.600000	0
4	0.620000	0
4	0.640000	0
4	0.660000	0
4	0.680000	0
4	0.700000	0
4	0.720000	0
4	0.740000	0
4	0.760000	0
4	0.780000	0
4	0.800000	0
4	0.820000	0
4	0.840000	0
4	0.860000	0
4	0.880000	0
4	0.900000	0
4	0.920000	0
4	0.940000	0
4	0.960000	0
4	0.980000	0
4	1.000000	510
5	0.000000	0
5	0.020000	0
5	0.040000	0
5	0.060000	0
5	0.080000	0
5	0.100000	0
5	0.120000	0
5	0.140000	0
5	0.160000	0
5	0.180000	0
5	0.200000	0
5	0.220000	0
5	0.240000	0
5	0.260000	0
5	0.280000	0
5	0.300000	0
5	0.320000	0
5	0.340000	0
5	0.360000	0
5	0.380000	0
5	0.400000	0
5	0.420000	0
5	0.440000	0
5	0.460000	0
5	0.480000	0
5	0.500000	0
5	0.520000	0
5	0.540000	0
5	0.560000	0
5	0.580000	0
5	0.600000	0
5	0.620000	0
5	0.640000	0
5	0.660000	0
5	0.680000	0
5	0.700000	0
5	0.720000	0
5	0.740000	0
5	0.760000	0
5	0.780000	0
5	0.800000	0
5	0.820000	0
5	0.840000	0
5	0.860000	0
5	0.880000	0
5	0.900000	0
5	0.920000	0
5	0.940000	0
5	0.960000	0
5	0.980000	0
5	1.000000	610
6	0.000000	0
6	0.020000	0
6	0.040000	0
6	0.060000	0
6	0.080000	0
6	0.100000	0
6	0.120000	0
6	0.140000	0
6	0.160000	0
6	0.180000	0
6	0.200000	0
6	0.220000	0
6	0.240000	0
6	0.260000	0
6	0.280000	0
6	0.300000	0
6	0.320000	0
6	0.340000	0
6	0.360000	0
6	0.380000	0
6	0.400000	0
6	0.420000	0
6	0.440000	0
6	0.460000	0
6	0.480000	0
6	0.500000	0
6	0.520000	0
6	0.540000	0
6	0.560000	0
6	0.580000	0
6	0.600000	0
6	0.620000	0
6	0.640000	0
6	0.660000	0
6	0.680000	0
6	0.700000	0
6	0.720000	0
6	0.740000	0
6	0.760000	0
6	0.780000	0
6	0.800000	0
6	0.820000	0
6	0.840000	0
6	0.860000	0
6	0.880000	0
6	0.900000	0
6	0.920000	0
6	0.940000	0
6	0.960000	0
6	0.980000	0
6	1.000000	710
7	0.000000	0
7	0.020000	0
7	0.040000	0
7	0.060000	0
7	0.080000	0
7	0.100000	0
7	0.120000	0
7	0.140000	0
7	0.160000	0
7	0.180000	0
7	0.200000	0
7	0.220000	0
7	0.240000	0
7	0.260000	0
7	0.280000	0
7	0.300000	0
7	0.320000	0
7	0.340000	0
7	0.360000	0
7	0.380000	0
7	0.400000	0
7	0.420000	0
7	0.440000	0
7	0.460000	0
7	0.480000	0
7	0.500000	0
7	0.520000	0
7	0.540000	0
7	0.560000	0
7	0.580000	0
7	0.600000	0
7	0.620000	0
7	0.640000	0
7	0.660000	0
7	0.680000	0
7	0.700000	0
7	0.720000	0
7	0.740000	0
7	0.760000	0
7	0.780000	0
7	0.800000	0
7	0.820000	0
7	0.840000	0
7	0.860000	0
7	0.880000	0
7	0.900000	0
7	0.920000	0
7	0.940000	0
7	0.960000	0
7	0.980000	0
7	1.000000	810
8	0.000000	0
8	0.020000	0
8	0.040000	0
8	0.060000	0
8	0.080000	0
8	0.100000	0
8	0.120000	0
8	0.140000	0
8	0.160000	0
8	0.180000	0
8	0.200000	0
8	0.220000	0
8	0.240000	0
8	0.260000	0
8	0.280000	0
8	0.300000	0
8	0.320000	0
8	0.340000	0
8	0.360000	0
8	0.380000	0
8	0.400000	0
8	0.420000	0
8	0.440000	0
8	0.460000	0
8	0.480000	0
8	0.500000	0
8	0.520000	0
8	0.540000	0
8	0.560000	0
8	0.580000	0
8	0.600000	0
8	0.620000	0
8	0.640000	0
8	0.660000	0
8	0.680000	0
8	0.700000	0
8	0.720000	0
8	0.740000	0
8	0.760000	0
8	0.780000	0
8	0.800000	0
8	0.820000	0
8	0.840000	0
8	0.860000	0
8	0.880000	0
8	0.900000	0
8	0.920000	0
8	0.940000	0
8	0.960000	0
8	0.980000	0
8	1.000000	910
9	0.000000	0
9	0.020000	0
9	0.040000	0
9	0.060000	0
9	0.080000	0
9	0.100000	0
9	0.120000	0
9	0.140000	0
9	0.160000	0
9	0.180000	0
9	0.200000	0
9	0.220000	0
9	0.240000	0
9	0.260000	0
9	0.280000	0
9	0.300000	0
9	0.320000	0
9	0.340000	0
9	0.360000	0
9	0.380000	0
9	0.400000	0
9	0.420000	0
9	0.440000	0
9	0.460000	0
9	0.480000	0
9	0.500000	0
9	0.520000	0
9	0.540000	0
9	0.560000	0
9	0.580000	0
9	0.600000	0
9	0.620000	0
9	0.640000	0
9	0.660000	0
9	0.680000	0
9	0.700000	0
9	0.720000	0
9	0.740000	0
9	0.760000	0
9	0.780000	0
9	0.800000	0
9	0.820000	0
9	0.840000	0
9	0.860000	0
9	0.880000	0
9	0.900000	0
9	0.920000	0
9	0.940000	0
9	0.960000	0
9	0.980000	0
9	1.000000	1010
10	0.000000	0
10	0.020000	0
10	0.040000	0
10	0.060000	0
10	0.080000	0
10	0.100000	0
10	0.120000	0
10	0.140000	0
10	0.160000	0
10	0.180000	0
10	0.200000	0
10	0.220000	0
10	0.240000	0
10	0.260000	0
10	0.280000	0
10	0.300000	0
10	0.320000	0
10	0.340000	0
10	0.360000	0
10	0.380000	0
10	0.400000	0
10	0.420000	0
10	0.440000	0
10	0.460000	0
10	0.480000	0
10	0.500000	0
10	0.520000	0
10	0.540000	0
10	0.560000	0
10	0.580000	0
10	0.600000	0
10	0.620000	0
10	0.640000	0
10	0.660000	0
10	0.680000	0
10	0.700000	0
10	0.720000	0
10	0.740000	0
10	0.760000	0
10	0.780000	0
10	0.800000	0
10	0.820000	0
10	0.840000	0
10	0.860000	0
10	0.880000	0
10	0.900000	0
10	0.920000	0
10	0.940000	0
10	0.960000	0
10	0.980000	0
10	1.000000	1110
11	0.000000	0
11	0.020000	0
11	0.040000	0
11	0.060000	0
11	0.080000	0
11	0.100000	0
11	0.120000	0
11	0.140000	0
11	0.160000	0
11	0.180000	0
11	0.200000	0
11	0.220000	0
11	0.240000	0
11	0.260000	0
11	0.280000	0
11	0.300000	0
11	0.320000	0
11	0.340000	0
11	0.360000	0
11	0.380000	0
11	0.400000	0
11	0.420000	0
11	0.440000	0
11	0.460000	0
11	0.480000	0
11	0.500000	0
11	0.520000	0
11	0.540000	0
11	0.560000	0
11	0.580000	0
11	0.600000	0
11	0.620000	0
11	0.640000	0
11	0.660000	0
11	0.680000	0
11	0.700000	0
11	0.720000	0
11	0.740000	0
11	0.760000	0
11	0.780000	0
11	0.800000	0
11	0.820000	0
11	0.840000	0
11	0.860000	0
11	0.880000	0
11	0.900000	0
11	0.920000	0
11	0.940000	0
11	0.960000	0
11	0.980000	0
11	1.000000	1210
12	0.000000	0
12	0.020000	0
12	0.040000	0
12	0.060000	0
12	0.080000	0
12	0.100000	0
12	0.120000	0
12	0.140000	0
12	0.160000	0
12	0.180000	0
12	0.200000	0
12	0.220000	0
12	0.240000	0
12	0.260000	0
12	0.280000	0
12	0.300000	0
12	0.320000	0
12	0.340000	0
12	0.360000	0
12	0.380000	0
12	0.400000	0
12	0.420000	0
12	0.440000	0
12	0.460000	0
12	0.480000	0
12	0.500000	0
12	0.520000	0
12	0.540000	0
12	0.560000	0
12	0.580000	0
12	0.600000	0
12	0.620000	0
12	0.640000	0
12	0.660000	0
12	0.680000	0
12	0.700000	0
12	0.720000	0
12	0.740000	0
12	0.760000	0
12	0.780000	0
12	0.800000	0
12	0.820000	0
12	0.840000	0
12	0.860000	0
12	0.880000	0
12	0.900000	0
12	0.920000	0
12	0.940000	0
12	0.960000	0
12	0.980000	0
12	1.000000	1310
13	0.000000	0
13	0.020000	0
13	0.040000	0
13	0.060000	0
13	0.080000	0
13	0.100000	0
13	0.120000	0
13	0.140000	0
13	0.160000	0
13	0.180000	0
13	0.200000	0
13	0.220000	0
13	0.240000	0
13	0.260000	0
13	0.280000	0
13	0.300000	0
13	0.320000	0
13	0.340000	0
13	0.360000	0
13	0.380000	0
13	0.400000	0
13	0.420000	0
13	0.440000	0
13	0.460000	0
13	0.480000	0
13	0.500000	0
13	0.520000	0
13	0.540000	0
13	0.560000	0
13	0.580000	0
13	0.600000	0
13	0.620000	0
13	0.640000	0
13	0.660000	0
13	0.680000	0
13	0.700000	0
13	0.720000	0
13	0.740000	0
13	0.760000	0
13	0.780000	0
13	0.800000	0
13	0.820000	0
13	0.840000	0
13	0.860000	0
13	0.880000	0
13	0.900000	0
13	0.920000	0
13	0.940000	0
13	0.960000	0
13	0.980000	0
13	1.000000	1410
14	0.000000	0
14	0.020000	0
14	0.040000	0
14	0.060000	0
14	0.080000	0
14	0.100000	0
14	0.120000	0
14	0.140000	0
14	0.160000	0
14	0.180000	0
14	0.200000	0
14	0.220000	0
14	0.240000	0
14	0.260000	0
14	0.280000	0
14	0.300000	0
14	0.320000	0
14	0.340000	0
14	0.360000	0
14	0.380000	0
14	0.400000	0
14	0.420000	0
14	0.440000	0
14	0.460000	0
14	0.480000	0
14	0.500000	0
14	0.520000	0
14	0.540000	0
14	0.560000	0
14	0.580000	0
14	0.600000	0
14	0.620000	0
14	0.640000	0
14	0.660000	0
14	0.680000	0
14	0.700000	0
14	0.720000	0
14	0.740000	0
14	0.760000	0
14	0.780000	0
14	0.800000	0
14	0.820000	0
14	0.840000	0
14	0.860000	0
14	0.880000	0
14	0.900000	0
14	0.920000	0
14	0.940000	0
14	0.960000	0
14	0.980000	0
14	1.000000	1510
15	0.000000	0
15	0.020000	0
15	0.040000	0
15	0.060000	0
15	0.080000	0
15	0.100000	0
15	0.120000	0
15	0.140000	0
15	0.160000	0
15	0.180000	0
15	0.200000	0
15	0.220000	0
15	0.240000	0
15	0.260000	0
15	0.280000	0
15	0.300000	0
15	0.320000	0
15	0.340000	0
15	0.360000	0
15	0.380000	0
15	0.400000	0
15	0.420000	0
15	0.440000	0
15	0.460000	0
15	0.480000	0
15	0.500000	0
15	0.520000	0
15	0.540000	0
15	0.560000	0
15	0.580000	0
15	0.600000	0
15	0.620000	0
15	0.640000	0
15	0.660000	0
15	0.680000	0
15	0.700000	0
15	0.720000	0
15	0.740000	0
15	0.760000	0
15	0.780000	0
15	0.800000	0
15	0.820000	0
15	0.840000	0
15	0.860000	0
15	0.880000	0
15	0.900000	0
15	0.920000	0
15	0.940000	0
15	0.960000	0
15	0.980000	0
15	1.000000	1610
16	0.000000	0
16	0.020000	0
16	0.040000	0
16	0.060000	0
16	0.080000	0
16	0.100000	0
16	0.120000	0
16	0.140000	0
16	0.160000	0
16	0.180000	0
16	0.200000	0
16	0.220000	0
16	0.240000	0
16	0.260000	0
16	0.280000	0
16	0.300000	0
16	0.320000	0
16	0.340000	0
16	0.360000	0
16	0.380000	0
16	0.400000	0
16	0.420000	0
16	0.440000	0
16	0.460000	0
16	0.480000	0
16	0.500000	0
16	0.520000	0
16	0.540000	0
16	0.560000	0
16	0.580000	0
16	0.600000	0
16	0.620000	0
16	0.640000	0
16	0.660000	0
16	0.680000	0
16	0.700000	0
16	0.720000	0
16	0.740000	0
16	0.760000	0
16	0.780000	0
16	0.800000	0
16	0.820000	0
16	0.840000	0
16	0.860000	0
16	0.880000	0
16	0.900000	0
16	0.920000	0
16	0.940000	0
16	0.960000	0
16	0.980000	0
16	1.000000	1710
17	0.000000	0
17	0.020000	0
17	0.040000	0
17	0.060000	0
17	0.080000	0
17	0.100000	0
17	0.120000	0
17	0.140000	0
17	0.160000	0
17	0.180000	0
17	0.200000	0
17	0.220000	0
17	0.240000	0
17	0.260000	0
17	0.280000	0
17	0.300000	0
17	0.320000	0
17	0.340000	0
17	0.360000	0
17	0.380000	0
17	0.400000	0
17	0.420000	0
17	0.440000	0
17	0.460000	0
17	0.480000	0
17	0.500000	0
17	0.520000	0
17	0.540000	0
17	0.560000	0
17	0.580000	0
17	0.600000	0
17	0.620000	0
17	0.640000	0
17	0.660000	0
17	0.680000	0
17	0.700000	0
17	0.720000	0
17	0.740000	0
17	0.760000	0
17	0.780000	0
17	0.800000	0
17	0.820000	0
17	0.840000	0
17	0.860000	0
17	0.880000	0
17	0.900000	0
17	0.920000	0
17	0.940000	0
17	0.960000	0
17	0.980000	0
17	1.000000	1810
18	0.000000	0
18	0.020000	0
18	0.040000	0
18	0.060000	0
18	0.080000	0
18	0.100000	0
18	0.120000	0
18	0.140000	0
18	0.160000	0
18	0.180000	0
18	0.200000	0
18	0.220000	0
18	0.240000	0
18	0.260000	0
18	0.280000	0
18	0.300000	0
18	0.320000	0
18	0.340000	0
18	0.360000	0
18	0.380000	0
18	0.400000	0
18	0.420000	0
18	0.440000	0
18	0.460000	0
18	0.480000	0
18	0.500000	0
18	0.520000	0
18	0.540000	0
18	0.560000	0
18	0.580000	0
18	0.600000	0
18	0.620000	0
18	0.640000	0
18	0.660000	0
18	0.680000	0
18	0.700000	0
18	0.720000	0
18	0.740000	0
18	0.760000	0
18	0.780000	0
18	0.800000	0
18	0.820000	0
18	0.840000	0
18	0.860000	0
18	0.880000	0
18	0.900000	0
18	0.920000	0
18	0.940000	0
18	0.960000	0
18	0.980000	0
18	1.000000	1910
19	0.000000	0
19	0.020000	0
19	0.040000	0
19	0.060000	0
19	0.080000	0
19	0.100000	0
19	0.120000	0
19	0.140000	0
19	0.160000	0
19	0.180000	0
19	0.200000	0
19	0.220000	0
19	0.240000	0
19	0.260000	0
19	0.280000	0
19	0.300000	0
19	0.320000	0
19	0.340000	0
19	0.360000	0
19	0.380000	0
19	0.400000	0
19	0.420000	0
19	0.440000	0
19	0.460000	0
19	0.480000	0
19	0.500000	0
19	0.520000	0
19	0.540000	0
19	0.560000	0
19	0.580000	0
19	0.600000	0
19	0.620000	0
19	0.640000	0
19	0.660000	0
19	0.680000	0
19	0.700000	0
19	0.720000	0
19	0.740000	0
19	0.760000	0
19	0.780000	0
19	0.800000	0
19	0.820000	0
19	0.840000	0
19	0.860000	0
19	0.880000	0
19	0.900000	0
19	0.920000	0
19	0.940000	0
19	0.960000	0
19	0.980000	0
19	1.000000	2010
20	0.000000	0
20	0.020000	0
20	0.040000	0
20	0.060000	0
20	0.080000	0
20	0.100000	0
20	0.120000	0
20	0.140000	0
20	0.160000	0
20	0.180000	0
20	0.200000	0
20	0.220000	0
20	0.240000	0
20	0.260000	0
20	0.280000	0
20	0.300000	0
20	0.320000	0
20	0.340000	0
20	0.360000	0
20	0.380000	0
20	0.400000	0
20	0.420000	0
20	0.440000	0
20	0.460000	0
20	0.480000	0
20	0.500000	0
20	0.520000	0
20	0.540000	0
20	0.560000	0
20	0.580000	0
20	0.600000	0
20	0.620000	0
20	0.640000	0
20	0.660000	0
20	0.680000	0
20	0.700000	0
20	0.720000	0
20	0.740000	0
20	0.760000	0
20	0.780000	0
20	0.800000	0
20	0.820000	0
20	0.840000	0
20	0.860000	0
20	0.880000	0
20	0.900000	0
20	0.920000	0
20	0.940000	0
20	0.960000	0
20	0.980000	0
20	1.000000	2110
21	0.000000	0
21	0.020000	0
21	0.040000	0
21	0.060000	0
21	0.080000	0
21	0.100000	0
21	0.120000	0
21	0.140000	0
21	0.160000	0
21	0.180000	0
21	0.200000	0
21	0.220000	0
21	0.240000	0
21	0.260000	0
21	0.280000	0
21	0.300000	0
21	0.320000	0
21	0.340000	0
21	0.360000	0
21	0.380000	0
21	0.400000	0
21	0.420000	0
21	0.440000	0
21	0.460000	0
21	0.480000	0
21	0.500000	0
21	0.520000	0
21	0.540000	0
21	0.560000	0
21	0.580000	0
21	0.600000	0
21	0.620000	0
21	0.640000	0
21	0.660000	0
21	0.680000	0
21	0.700000	0
21	0.720000	0
21	0.740000	0
21	0.760000	0
21	0.780000	0
21	0.800000	0
21	0.820000	0
21	0.840000	0
21	0.860000	0
21	0.880000	0
21	0.900000	0
21	0.920000	0
21	0.940000	0
21	0.960000	0
21	0.980000	0
21	1.000000	2210
22	0.000000	0
22	0.020000	0
22	0.040000	0
22	0.060000	0
22	0.080000	0
22	0.100000	0
22	0.120000	0
22	0.140000	0
22	0.160000	0
22	0.180000	0
22	0.200000	0
22	0.220000	0
22	0.240000	0
22	0.260000	0
22	0.280000	0
22	0.300000	0
22	0.320000	0
22	0.340000	0
22	0.360000	0
22	0.380000	0
22	0.400000	0
22	0.420000	0
22	0.440000	0
22	0.460000	0
22	0.480000	0
22	0.500000	0
22	0.520000	0
22	0.540000	0
22	0.560000	0
22	0.580000	0
22	0.600000	0
22	0.620000	0
22	0.640000	0
22	0.660000	0
22	0.680000	0
22	0.700000	0
22	0.720000	0
22	0.740000	0
22	0.760000	0
22	0.780000	0
22	0.800000	0
22	0.820000	0
22	0.840000	0
22	0.860000	0
22	0.880000	0
22	0.900000	0
22	0.920000	0
22	0.940000	0
22	0.960000	0
22	0.980000	0
22	1.000000	2310
23	0.000000	0
23	0.020000	0
23	0.040000	0
23	0.060000	0
23	0.080000	0
23	0.100000	0
23	0.120000	0
23	0.140000	0
23	0.160000	0
23	0.180000	0
23	0.200000	0
23	0.220000	0
23	0.240000	0
23	0.260000	0
23	0.280000	0
23	0.300000	0
23	0.320000	0
23	0.340000	0
23	0.360000	0
23	0.380000	0
23	0.400000	0
23	0.420000	0
23	0.440000	0
23	0.460000	0
23	0.480000	0
23	0.500000	0
23	0.520000	0
23	0.540000	0
23	0.560000	0
23	0.580000	0
23	0.600000	0
23	0.620000	0
23	0.640000	0
23	0.660000	0
23	0.680000	0
23	0.700000	0
23	0.720000	0
23	0.740000	0
23	0.760000	0
23	0.780000	0
23	0.800000	0
23	0.820000	0
23	0.840000	0
23	0.860000	0
23	0.880000	0
23	0.900000	0
23	0.920000	0
23	0.940000	0
23	0.960000	0
23	0.980000	0
23	1.000000	2410
24	0.000000	0
24	0.020000	0
24	0.040000	0
24	0.060000	0
24	0.080000	0
24	0.100000	0
24	0.120000	0
24	0.140000	0
24	0.160000	0
24	0.180000	0
24	0.200000	0
24	0.220000	0
24	0.240000	0
24	0.260000	0
24	0.280000	0
24	0.300000	0
24	0.320000	0
24	0.340000	0
24	0.360000	0
24	0.380000	0
24	0.400000	0
24	0.420000	0
24	0.440000	0
24	0.460000	0
24	0.480000	0
24	0.500000	0
24	0.520000	0
24	0.540000	0
24	0.560000	0
24	0.580000	0
24	0.600000	0
24	0.620000	0
24	0.640000	0
24	0.660000	0
24	0.680000	0
24	0.700000	0
24	0.720000	0
24	0.740000	0
24	0.760000	0
24	0.780000	0
24	0.800000	0
24	0.820000	0
24	0.840000	0
24	0.860000	0
24	0.880000	0
24	0.900000	0
24	0.920000	0
24	0.940000	0
24	0.960000	0
24	0.980000	0
24	1.000000	2510
25	0.000000	0
25	0.020000	0
25	0.040000	0
25	0.060000	0
25	0.080000	0
25	0.100000	0
25	0.120000	0
25	0.140000	0
25	0.160000	0
25	0.180000	0
25	0.200000	0
25	0.220000	0
25	0.240000	0
25	0.260000	0
25	0.280000	0
25	0.300000	0
25	0.320000	0
25	0.340000	0
25	0.360000	0
25	0.380000	0
25	0.400000	0
25	0.420000	0
25	0.440000	0
25	0.460000	0
25	0.480000	0
25	0.500000	0
25	0.520000	0
25	0.540000	0
25	0.560000	0
25	0.580000	0
25	0.600000	0
25	0.620000	0
25	0.640000	0
25	0.660000	0
25	0.680000	0
25	0.700000	0
25	0.720000	0
25	0.740000	0
25	0.760000	0
25	0.780000	0
25	0.800000	0
25	0.820000	0
25	0.840000	0
25	0.860000	0
25	0.880000	0
25	0.900000	0
25	0.920000	0
25	0.940000	0
25	0.960000	0
25	0.980000	0
25	1.000000	2610
26	0.000000	0
26	0.020000	0
26	0.040000	0
26	0.060000	0
26	0.080000	0
26	0.100000	0
26	0.120000	0
26	0.140000	0
26	0.160000	0
26	0.180000	0
26	0.200000	0
26	0.220000	0
26	0.240000	0
26	0.260000	0
26	0.280000	0
26	0.300000	0
26	0.320000	0
26	0.340000	0
26	0.360000	0
26	0.380000	0
26	0.400000	0
26	0.420000	0
26	0.440000	0
26	0.460000	0
26	0.480000	0
26	0.500000	0
26	0.520000	0
26	0.540000	0
26	0.560000	0
26	0.580000	0
26	0.600000	0
26	0.620000	0
26	0.640000	0
26	0.660000	0
26	0.680000	0
26	0.700000	0
26	0.720000	0
26	0.740000	0
26	0.760000	0
26	0.780000	0
26	0.800000	0
26	0.820000	0
26	0.840000	0
26	0.860000	0
26	0.880000	0
26	0.900000	0
26	0.920000	0
26	0.940000	0
26	0.960000	0
26	0.980000	0
26	1.000000	2710
27	0.000000	0
27	0.020000	0
27	0.040000	0
27	0.060000	0
27	0.080000	0
27	0.100000	0
27	0.120000	0
27	0.140000	0
27	0.160000	0
27	0.180000	0
27	0.200000	0
27	0.220000	0
27	0.240000	0
27	0.260000	0
27	0.280000	0
27	0.300000	0
27	0.320000	0
27	0.340000	0
27	0.360000	0
27	0.380000	0
27	0.400000	0
27	0.420000	0
27	0.440000	0
27	0.460000	0
27	0.480000	0
27	0.500000	0
27	0.520000	0
27	0.540000	0
27	0.560000	0
27	0.580000	0
27	0.600000	0
27	0.620000	0
27	0.640000	0
27	0.660000	0
27	0.680000	0
27	0.700000	0
27	0.720000	0
27	0.740000	0
27	0.760000	0
27	0.780000	0
27	0.800000	0
27	0.820000	0
27	0.840000	0
27	0.860000	0
27	0.880000	0
27	0.900000	0
27	0.920000	0
27	0.940000	0
27	0.960000	0
27	0.980000	0
27	1.000000	2810
28	0.000000	0
28	0.020000	0
28	0.040000	0
28	0.060000	0
28	0.080000	0
28	0.100000	0
28	0.120000	0
28	0.140000	0
28	0.160000	0
28	0.180000	0
28	0.200000	0
28	0.220000	0
28	0.240000	0
28	0.260000	0
28	0.280000	0
28	0.300000	0
28	0.320000	0
28	0.340000	0
28	0.360000	0
28	0.380000	0
28	0.400000	0
28	0.420000	0
28	0.440000	0
28	0.460000	0
28	0.480000	0
28	0.500000	0
28	0.520000	0
28	0.540000	0
28	0.560000	0
28	0.580000	0
28	0.600000	0
28	0.620000	0
28	0.640000	0
28	0.660000	0
28	0.680000	0
28	0.700000	0
28	0.720000	0
28	0.740000	0
28	0.760000	0
28	0.780000	0
28	0.800000	0
28	0.820000	0
28	0.840000	0
28	0.860000	0
28	0.880000	0
28	0.900000	0
28	0.920000	0
28	0.940000	0
28	0.960000	0
28	0.980000	0
28	1.000000	2910
29	0.000000	0
29	0.020000	0
29	0.040000	0
29	0.060000	0
29	0.080000	0
29	0.100000	0
29	0.120000	0
29	0.140000	0
29	0.160000	0
29	0.180000	0
29	0.200000	0
29	0.220000	0
29	0.240000	0
29	0.260000	0
29	0.280000	0
29	0.300000	0
29	0.320000	0
29	0.340000	0
29	0.360000	0
29	0.380000	0
29	0.400000	0
29	0.420000	0
29	0.440000	0
29	0.460000	0
29	0.480000	0
29	0.500000	0
29	0.520000	0
29	0.540000	0
29	0.560000	0
29	0.580000	0
29	0.600000	0
29	0.620000	0
29	0.640000	0
29	0.660000	0
29	0.680000	0
29	0.700000	0
29	0.720000	0
29	0.740000	0
29	0.760000	0
29	0.780000	0
29	0.800000	0
29	0.820000	0
29	0.840000	0
29	0.860000	0
29	0.880000	0
29	0.900000	0
29	0.920000	0
29	0.940000	0
29	0.960000	0
29	0.980000	0
29	1.000000	3010
30	0.000000	0
30	0.020000	0
30	0.040000	0
30	0.060000	0
30	0.080000	0
30	0.100000	0
30	0.120000	0
30	0.140000	0
30	0.160000	0
30	0.180000	0
30	0.200000	0
30	0.220000	0
30	0.240000	0
30	0.260000	0
30	0.280000	0
30	0.300000	0
30	0.320000	0
30	0.340000	0
30	0.360000	0
30	0.380000	0
30	0.400000	0
30	0.420000	0
30	0.440000	0
30	0.460000	0
30	0.480000	0
30	0.500000	0
30	0.520000	0
30	0.540000	0
30	0.560000	0
30	0.580000	0
30	0.600000	0
30	0.620000	0
30	0.640000	0
30	0.660000	0
30	0.680000	0
30	0.700000	0
30	0.720000	0
30	0.740000	0
30	0.760000	0
30	0.780000	0
30	0.800000	0
30	0.820000	0
30	0.840000	0
30	0.860000	0
30	0.880000	0
30	0.900000	0
30	0.920000	0
30	0.940000	0
30	0.960000	0
30	0.980000	0
30	1.000000	3110
31	0.000000	0
31	0.020000	0
31	0.040000	0
31	0.060000	0
31	0.080000	0
31	0.100000	0
31	0.120000	0
31	0.140000	0
31	0.160000	0
31	0.180000	0
31	0.200000	0
31	0.220000	0
31	0.240000	0
31	0.260000	0
31	0.280000	0
31	0.300000	0
31	0.320000	0
31	0.340000	0
31	0.360000	0
31	0.380000	0
31	0.400000	0
31	0.420000	0
31	0.440000	0
31	0.460000	0
31	0.480000	0
31	0.500000	0
31	0.520000	0
31	0.540000	0
31	0.560000	0
31	0.580000	0
31	0.600000	0
31	0.620000	0
31	0.640000	0
31	0.660000	0
31	0.680000	0
31	0.700000	0
31	0.720000	0
31	0.740000	0
31	0.760000	0
31	0.780000	0
31	0.800000	0
31	0.820000	0
31	0.840000	0
31	0.860000	0
31	0.880000	0
31	0.900000	0
31	0.920000	0
31	0.940000	0
31	0.960000	0
31	0.980000	0
31	1.000000	3210
32	0.000000	0
32	0.020000	0
32	0.040000	0
32	0.060000	0
32	0.080000	0
32	0.100000	0
32	0.120000	0
32	0.140000	0
32	0.160000	0
32	0.180000	0
32	0.200000	0
32	0.220000	0
32	0.240000	0
32	0.260000	0
32	0.280000	0
32	0.300000	0
32	0.320000	0
32	0.340000	0
32	0.360000	0
32	0.380000	0
32	0.400000	0
32	0.420000	0
32	0.440000	0
32	0.460000	0
32	0.480000	0
32	0.500000	0
32	0.520000	0
32	0.540000	0
32	0.560000	0
32	0.580000	0
32	0.600000	0
32	0.620000	0
32	0.640000	0
32	0.660000	0
32	0.680000	0
32	0.700000	0
32	0.720000	0
32	0.740000	0
32	0.760000	0
32	0.780000	0
32	0.800000	0
32	0.820000	0
32	0.840000	0
32	0.860000	0
32	0.880000	0
32	0.900000	0
32	0.920000	0
32	0.940000	0
32	0.960000	0
32	0.980000	0
32	1.000000	3310
33	0.000000	0
33	0.020000	0
33	0.040000	0
33	0.060000	0
33	0.080000	0
33	0.100000	0
33	0.120000	0
33	0.140000	0
33	0.160000	0
33	0.180000	0
33	0.200000	0
33	0.220000	0
33	0.240000	0
33	0.260000	0
33	0.280000	0
33	0.300000	0
33	0.320000	0
33	0.340000	0
33	0.360000	0
33	0.380000	0
33	0.400000	0
33	0.420000	0
33	0.440000	0
33	0.460000	0
33	0.480000	0
33	0.500000	0
33	0.520000	0
33	0.540000	0
33	0.560000	0
33	0.580000	0
33	0.600000	0
33	0.620000	0
33	0.640000	0
33	0.660000	0
33	0.680000	0
33	0.700000	0
33	0.720000	0
33	0.740000	0
33	0.760000	0
33	0.780000	0
33	0.800000	0
33	0.820000	0
33	0.840000	0
33	0.860000	0
33	0.880000	0
33	0.900000	0
33	0.920000	0
33	0.940000	0
33	0.960000	0
33	0.980000	0
33	1.000000	3410
34	0.000000	0
34	0.020000	0
34	0.040000	0
34	0.060000	0
34	0.080000	0
34	0.100000	0
34	0.120000	0
34	0.140000	0
34	0.160000	0
34	0.180000	0
34	0.200000	0
34	0.220000	0
34	0.240000	0
34	0.260000	0
34	0.280000	0
34	0.300000	0
34	0.320000	0
34	0.340000	0
34	0.360000	0
34	0.380000	0
34	0.400000	0
34	0.420000	0
34	0.440000	0
34	0.460000	0
34	0.480000	0
34	0.500000	0
34	0.520000	0
34	0.540000	0
34	0.560000	0
34	0.580000	0
34	0.600000	0
34	0.620000	0
34	0.640000	0
34	0.660000	0
34	0.680000	0
34	0.700000	0
34	0.720000	0
34	0.740000	0
34	0.760000	0
34	0.780000	0
34	0.800000	0
34	0.820000	0
34	0.840000	0
34	0.860000	0
34	0.880000	0
34	0.900000	0
34	0.920000	0
34	0.940000	0
34	0.960000	0
34	0.980000	0
34	1.000000	3510
35	0.000000	0
35	0.020000	0
35	0.040000	0
35	0.060000	0
35	0.080000	0
35	0.100000	0
35	0.120000	0
35	0.140000	0
35	0.160000	0
35	0.180000	0
35	0.200000	0
35	0.220000	0
35	0.240000	0
35	0.260000	0
35	0.280000	0
35	0.300000	0
35	0.320000	0
35	0.340000	0
35	0.360000	0
35	0.380000	0
35	0.400000	0
35	0.420000	0
35	0.440000	0
35	0.460000	0
35	0.480000	0
35	0.500000	0
35	0.520000	0
35	0.540000	0
35	0.560000	0
35	0.580000	0
35	0.600000	0
35	0.620000	0
35	0.640000	0
35	0.660000	0
35	0.680000	0
35	0.700000	0
35	0.720000	0
35	0.740000	0
35	0.760000	0
35	0.780000	0
35	0.800000	0
35	0.820000	0
35	0.840000	0
35	0.860000	0
35	0.880000	0
35	0.900000	0
35	0.920000	0
35	0.940000	0
35	0.960000	0
35	0.980000	0
35	1.000000	3610
36	0.000000	0
36	0.020000	0
36	0.040000	0
36	0.060000	0
36	0.080000	0
36	0.100000	0
36	0.120000	0
36	0.140000	0
36	0.160000	0
36	0.180000	0
36	0.200000	0
36	0.220000	0
36	0.240000	0
36	0.260000	0
36	0.280000	0
36	0.300000	0
36	0.320000	0
36	0.340000	0
36	0.360000	0
36	0.380000	0
36	0.400000	0
36	0.420000	0
36	0.440000	0
36	0.460000	0
36	0.480000	0
36	0.500000	0
36	0.520000	0
36	0.540000	0
36	0.560000	0
36	0.580000	0
36	0.600000	0
36	0.620000	0
36	0.640000	0
36	0.660000	0
36	0.680000	0
36	0.700000	0
36	0.720000	0
36	0.740000	0
36	0.760000	0
36	0.780000	0
36	0.800000	0
36	0.820000	0
36	0.840000	0
36	0.860000	0
36	0.880000	0
36	0.900000	0
36	0.920000	0
36	0.940000	0
36	0.960000	0
36	0.980000	0
36	1.000000	3710
37	0.000000	0
37	0.020000	0
37	0.040000	0
37	0.060000	0
37	0.080000	0
37	0.100000	0
37	0.120000	0
37	0.140000	0
37	0.160000	0
37	0.180000	0
37	0.200000	0
37	0.220000	0
37	0.240000	0
37	0.260000	0
37	0.280000	0
37	0.300000	0
37	0.320000	0
37	0.340000	0
37	0.360000	0
37	0.380000	0
37	0.400000	0
37	0.420000	0
37	0.440000	0
37	0.460000	0
37	0.480000	0
37	0.500000	0
37	0.520000	0
37	0.540000	0
37	0.560000	0
37	0.580000	0
37	0.600000	0
37	0.620000	0
37	0.640000	0
37	0.660000	0
37	0.680000	0
37	0.700000	0
37	0.720000	0
37	0.740000	0
37	0.760000	0
37	0.780000	0
37	0.800000	0
37	0.820000	0
37	0.840000	0
37	0.860000	0
37	0.880000	0
37	0.900000	0
37	0.920000	0
37	0.940000	0
37	0.960000	0
37	0.980000	0
37	1.000000	3810
38	0.000000	0
38	0.020000	0
38	0.040000	0
38	0.060000	0
38	0.080000	0
38	0.100000	0
38	0.120000	0
38	0.140000	0
38	0.160000	0
38	0.180000	0
38	0.200000	0
38	0.220000	0
38	0.240000	0
38	0.260000	0
38	0.280000	0
38	0.300000	0
38	0.320000	0
38	0.340000	0
38	0.360000	0
38	0.380000	0
38	0.400000	0
38	0.420000	0
38	0.440000	0
38	0.460000	0
38	0.480000	0
38	0.500000	0
38	0.520000	0
38	0.540000	0
38	0.560000	0
38	0.580000	0
38	0.600000	0
38	0.620000	0
38	0.640000	0
38	0.660000	0
38	0.680000	0
38	0.700000	0
38	0.720000	0
38	0.740000	0
38	0.760000	0
38	0.780000	0
38	0.800000	0
38	0.820000	0
38	0.840000	0
38	0.860000	0
38	0.880000	0
38	0.900000	0
38	0.920000	0
38	0.940000	0
38	0.960000	0
38	0.980000	0
38	1.000000	3900
39	0.000000	0
39	0.020000	0
39	0.040000	0
39	0.060000	0
39	0.080000	0
39	0.100000	0
39	0.120000	0
39	0.140000	0
39	0.160000	0
39	0.180000	0
39	0.200000	0
39	0.220000	0
39	0.240000	0
39	0.260000	0
39	0.280000	0
39	0.300000	0
39	0.320000	0
39	0.340000	0
39	0.360000	0
39	0.380000	0
39	0.400000	0
39	0.420000	0
39	0.440000	0
39	0.460000	0
39	0.480000	0
39	0.500000	0
39	0.520000	0
39	0.540000	0
39	0.560000	0
39	0.580000	0
39	0.600000	0
39	0.620000	0
39	0.640000	0
39	0.660000	0
39	0.680000	0
39	0.700000	0
39	0.720000	0
39	0.740000	0
39	0.760000	0
39	0.780000	0
39	0.800000	0
39	0.820000	0
39	0.840000	0
39	0.860000	0
39	0.880000	0
39	0.900000	0
39	0.920000	0
39	0.940000	0
39	0.960000	0
39	0.980000	0
39	1.000000	3977
40	0.000000	0
40	0.020000	0
40	0.040000	0
40	0.060000	0
40	0.080000	0
40	0.100000	0
40	0.120000	0
40	0.140000	0
40	0.160000	0
40	0.180000	0
40	0.200000	0
40	0.220000	0
40	0.240000	0
40	0.260000	0
40	0.280000	0
40	0.300000	0
40	0.320000	0
40	0.340000	0
40	0.360000	0
40	0.380000	0
40	0.400000	0
40	0.420000	0
40	0.440000	0
40	0.460000	0
40	0.480000	0
40	0.500000	0
40	0.520000	0
40	0.540000	0
40	0.560000	0
40	0.580000	0
40	0.600000	0
40	0.620000	0
40	0.640000	0
40	0.660000	0
40	0.680000	0
40	0.700000	0
40	0.720000	0
40	0.740000	0
40	0.760000	0
40	0.780000	0
40	0.800000	0
40	0.820000	0
40	0.840000	0
40	0.860000	0
40	0.880000	0
40	0.900000	0
40	0.920000	0
40	0.940000	0
40	0.960000	0
40	0.980000	0
40	1.000000	4028
41	0.000000	0
41	0.020000	0
41	0.040000	0
41	0.060000	0
41	0.080000	0
41	0.100000	0
41	0.120000	0
41	0.140000	0
41	0.160000	0
41	0.180000	0
41	0.200000	0
41	0.220000	0
41	0.240000	0
41	0.260000	0
41	0.280000	0
41	0.300000	0
41	0.320000	0
41	0.340000	0
41	0.360000	0
41	0.380000	0
41	0.400000	0
41	0.420000	0
41	0.440000	0
41	0.460000	0
41	0.480000	0
41	0.500000	0
41	0.520000	0
41	0.540000	0
41	0.560000	0
41	0.580000	0
41	0.600000	0
41	0.620000	0
41	0.640000	0
41	0.660000	0
41	0.680000	0
41	0.700000	0
41	0.720000	0
41	0.740000	0
41	0.760000	0
41	0.780000	0
41	0.800000	0
41	0.820000	0
41	0.840000	0
41	0.860000	0
41	0.880000	0
41	0.900000	0
41	0.920000	0
41	0.940000	0
41	0.960000	0
41	0.980000	0
41	1.000000	4055
42	0.000000	0
42	0.020000	0
42	0.040000	0
42	0.060000	0
42	0.080000	0
42	0.100000	0
42	0.120000	0
42	0.140000	0
42	0.160000	0
42	0.180000	0
42	0.200000	0
42	0.220000	0
42	0.240000	0
42	0.260000	0
42	0.280000	0
42	0.300000	0
42	0.320000	0
42	0.340000	0
42	0.360000	0
42	0.380000	0
42	0.400000	0
42	0.420000	0
42	0.440000	0
42	0.460000	0
42	0.480000	0
42	0.500000	0
42	0.520000	0
42	0.540000	0
42	0.560000	0
42	0.580000	0
42	0.600000	0
42	0.620000	0
42	0.640000	0
42	0.660000	0
42	0.680000	0
42	0.700000	0
42	0.720000	0
42	0.740000	0
42	0.760000	0
42	0.780000	0
42	0.800000	0
42	0.820000	0
42	0.840000	0
42	0.860000	0
42	0.880000	0
42	0.900000	0
42	0.920000	0
42	0.940000	0
42	0.960000	0
42	0.980000	0
42	1.000000	4045
43	0.000000	0
43	0.020000	0
43	0.040000	0
43	0.060000	0
43	0.080000	0
43	0.100000	0
43	0.120000	0
43	0.140000	0
43	0.160000	0
43	0.180000	0
43	0.200000	0
43	0.220000	0
43	0.240000	0
43	0.260000	0
43	0.280000	0
43	0.300000	0
43	0.320000	0
43	0.340000	0
43	0.360000	0
43	0.380000	0
43	0.400000	0
43	0.420000	0
43	0.440000	0
43	0.460000	0
43	0.480000	0
43	0.500000	0
43	0.520000	0
43	0.540000	0
43	0.560000	0
43	0.580000	0
43	0.600000	0
43	0.620000	0
43	0.640000	0
43	0.660000	0
43	0.680000	0
43	0.700000	0
43	0.720000	0
43	0.740000	0
43	0.760000	0
43	0.780000	0
43	0.800000	0
43	0.820000	0
43	0.840000	0
43	0.860000	0
43	0.880000	0
43	0.900000	0
43	0.920000	0
43	0.940000	0
43	0.960000	0
43	0.980000	0
43	1.000000	4015
44	0.000000	0
44	0.020000	0
44	0.040000	0
44	0.060000	0
44	0.080000	0
44	0.100000	0
44	0.120000	0
44	0.140000	0
44	0.160000	0
44	0.180000	0
44	0.200000	0
44	0.220000	0
44	0.240000	0
44	0.260000	0
44	0.280000	0
44	0.300000	0
44	0.320000	0
44	0.340000	0
44	0.360000	0
44	0.380000	0
44	0.400000	0
44	0.420000	0
44	0.440000	0
44	0.460000	0
44	0.480000	0
44	0.500000	0
44	0.520000	0
44	0.540000	0
44	0.560000	0
44	0.580000	0
44	0.600000	0
44	0.620000	0
44	0.640000	0
44	0.660000	0
44	0.680000	0
44	0.700000	0
44	0.720000	0
44	0.740000	0
44	0.760000	0
44	0.780000	0
44	0.800000	0
44	0.820000	0
44	0.840000	0
44	0.860000	0
44	0.880000	0
44	0.900000	0
44	0.920000	0
44	0.940000	0
44	0.960000	0
44	0.980000	0
44	1.000000	3999
45	0.000000	0
45	0.020000	0
45	0.040000	0
45	0.060000	0
45	0.080000	0
45	0.100000	0
45	0.120000	0
45	0.140000	0
45	0.160000	0
45	0.180000	0
45	0.200000	0
45	0.220000	0
45	0.240000	0
45	0.260000	0
45	0.280000	0
45	0.300000	0
45	0.320000	0
45	0.340000	0
45	0.360000	0
45	0.380000	0
45	0.400000	0
45	0.420000	0
45	0.440000	0
45	0.460000	0
45	0.480000	0
45	0.500000	0
45	0.520000	0
45	0.540000	0
45	0.560000	0
45	0.580000	0
45	0.600000	0
45	0.620000	0
45	0.640000	0
45	0.660000	0
45	0.680000	0
45	0.700000	0
45	0.720000	0
45	0.740000	0
45	0.760000	0
45	0.780000	0
45	0.800000	0
45	0.820000	0
45	0.840000	0
45	0.860000	0
45	0.880000	0
45	0.900000	0
45	0.920000	0
45	0.940000	0
45	0.960000	0
45	0.980000	0
45	1.000000	3958
46	0.000000	0
46	0.020000	0
46	0.040000	0
46	0.060000	0
46	0.080000	0
46	0.100000	0
46	0.120000	0
46	0.140000	0
46	0.160000	0
46	0.180000	0
46	0.200000	0
46	0.220000	0
46	0.240000	0
46	0.260000	0
46	0.280000	0
46	0.300000	0
46	0.320000	0
46	0.340000	0
46	0.360000	0
46	0.380000	0
46	0.400000	0
46	0.420000	0
46	0.440000	0
46	0.460000	0
46	0.480000	0
46	0.500000	0
46	0.520000	0
46	0.540000	0
46	0.560000	0
46	0.580000	0
46	0.600000	0
46	0.620000	0
46	0.640000	0
46	0.660000	0
46	0.680000	0
46	0.700000	0
46	0.720000	0
46	0.740000	0
46	0.760000	0
46	0.780000	0
46	0.800000	0
46	0.820000	0
46	0.840000	0
46	0.860000	0
46	0.880000	0
46	0.900000	0
46	0.920000	0
46	0.940000	0
46	0.960000	0
46	0.980000	0
46	1.000000	3931
47	0.000000	0
47	0.020000	0
47	0.040000	0
47	0.060000	0
47	0.080000	0
47	0.100000	0
47	0.120000	0
47	0.140000	0
47	0.160000	0
47	0.180000	0
47	0.200000	0
47	0.220000	0
47	0.240000	0
47	0.260000	0
47	0.280000	0
47	0.300000	0
47	0.320000	0
47	0.340000	0
47	0.360000	0
47	0.380000	0
47	0.400000	0
47	0.420000	0
47	0.440000	0
47	0.460000	0
47	0.480000	0
47	0.500000	0
47	0.520000	0
47	0.540000	0
47	0.560000	0
47	0.580000	0
47	0.600000	0
47	0.620000	0
47	0.640000	0
47	0.660000	0
47	0.680000	0
47	0.700000	0
47	0.720000	0
47	0.740000	0
47	0.760000	0
47	0.780000	0
47	0.800000	0
47	0.820000	0
47	0.840000	0
47	0.860000	0
47	0.880000	0
47	0.900000	0
47	0.920000	0
47	0.940000	0
47	0.960000	0
47	0.980000	0
47	1.000000	3931
48	0.000000	0
48	0.020000	0
48	0.040000	0
48	0.060000	0
48	0.080000	0
48	0.100000	0
48	0.120000	0
48	0.140000	0
48	0.160000	0
48	0.180000	0
48	0.200000	0
48	0.220000	0
48	0.240000	0
48	0.260000	0
48	0.280000	0
48	0.300000	0
48	0.320000	0
48	0.340000	0
48	0.360000	0
48	0.380000	0
48	0.400000	0
48	0.420000	0
48	0.440000	0
48	0.460000	0
48	0.480000	0
48	0.500000	0
48	0.520000	0
48	0.540000	0
48	0.560000	0
48	0.580000	0
48	0.600000	0
48	0.620000	0
48	0.640000	0
48	0.660000	0
48	0.680000	0
48	0.700000	0
48	0.720000	0
48	0.740000	0
48	0.760000	0
48	0.780000	0
48	0.800000	0
48	0.820000	0
48	0.840000	0
48	0.860000	0
48	0.880000	0
48	0.900000	0
48	0.920000	0
48	0.940000	0
48	0.960000	0
48	0.980000	0
48	1.000000	3938
49	0.000000	0
49	0.020000	0
49	0.040000	0
49	0.060000	0
49	0.080000	0
49	0.100000	0
49	0.120000	0
49	0.140000	0
49	0.160000	0
49	0.180000	0
49	0.200000	0
49	0.220000	0
49	0.240000	0
49	0.260000	0
49	0.280000	0
49	0.300000	0
49	0.320000	0
49	0.340000	0
49	0.360000	0
49	0.380000	0
49	0.400000	0
49	0.420000	0
49	0.440000	0
49	0.460000	0
49	0.480000	0
49	0.500000	0
49	0.520000	0
49	0.540000	0
49	0.560000	0
49	0.580000	0
49	0.600000	0
49	0.620000	0
49	0.640000	0
49	0.660000	0
49	0.680000	0
49	0.700000	0
49	0.720000	0
49	0.740000	0
49	0.760000	0
49	0.780000	0
49	0.800000	0
49	0.820000	0
49	0.840000	0
49	0.860000	0
49	0.880000	0
49	0.900000	0
49	0.920000	0
49	0.940000	0
49	0.960000	0
49	0.980000	0
49	1.000000	3960
50	0.000000	0
50	0.020000	0
50	0.040000	0
50	0.060000	0
50	0.080000	0
50	0.100000	0
50	0.120000	0
50	0.140000	0
50	0.160000	0
50	0.180000	0
50	0.200000	0
50	0.220000	0
50	0.240000	0
50	0.260000	0
50	0.280000	0
50	0.300000	0
50	0.320000	0
50	0.340000	0
50	0.360000	0
50	0.380000	0
50	0.400000	0
50	0.420000	0
50	0.440000	0
50	0.460000	0
50	0.480000	0
50	0.500000	0
50	0.520000	0
50	0.540000	0
50	0.560000	0
50	0.580000	0
50	0.600000	0
50	0.620000	0
50	0.640000	0
50	0.660000	0
50	0.680000	0
50	0.700000	0
50	0.720000	0
50	0.740000	0
50	0.760000	0
50	0.780000	0
50	0.800000	0
50	0.820000	0
50	0.840000	0
50	0.860000	0
50	0.880000	0
50	0.900000	0
50	0.920000	0
50	0.940000	0
50	0.960000	0
50	0.980000	0
50	1.000000	3985
51	0.000000	0
51	0.020000	0
51	0.040000	0
51	0.060000	0
51	0.080000	0
51	0.100000	0
51	0.120000	0
51	0.140000	0
51	0.160000	0
51	0.180000	0
51	0.200000	0
51	0.220000	0
51	0.240000	0
51	0.260000	0
51	0.280000	0
51	0.300000	0
51	0.320000	0
51	0.340000	0
51	0.360000	0
51	0.380000	0
51	0.400000	0
51	0.420000	0
51	0.440000	0
51	0.460000	0
51	0.480000	0
51	0.500000	0
51	0.520000	0
51	0.540000	0
51	0.560000	0
51	0.580000	0
51	0.600000	0
51	0.620000	0
51	0.640000	0
51	0.660000	0
51	0.680000	0
51	0.700000	0
51	0.720000	0
51	0.740000	0
51	0.760000	0
51	0.780000	0
51	0.800000	0
51	0.820000	0
51	0.840000	0
51	0.860000	0
51	0.880000	0
51	0.900000	0
51	0.920000	0
51	0.940000	0
51	0.960000	0
51	0.980000	0
51	1.000000	3997
52	0.000000	0
52	0.020000	0
52	0.040000	0
52	0.060000	0
52	0.080000	0
52	0.100000	0
52	0.120000	0
52	0.140000	0
52	0.160000	0
52	0.180000	0
52	0.200000	0
52	0.220000	0
52	0.240000	0
52	0.260000	0
52	0.280000	0
52	0.300000	0
52	0.320000	0
52	0.340000	0
52	0.360000	0
52	0.380000	0
52	0.400000	0
52	0.420000	0
52	0.440000	0
52	0.460000	0
52	0.480000	0
52	0.500000	0
52	0.520000	0
52	0.540000	0
52	0.560000	0
52	0.580000	0
52	0.600000	0
52	0.620000	0
52	0.640000	0
52	0.660000	0
52	0.680000	0
52	0.700000	0
52	0.720000	0
52	0.740000	0
52	0.760000	0
52	0.780000	0
52	0.800000	0
52	0.820000	0
52	0.840000	0
52	0.860000	0
52	0.880000	0
52	0.900000	0
52	0.920000	0
52	0.940000	0
52	0.960000	0
52	0.980000	0
52	1.000000	4004
53	0.000000	0
53	0.020000	0
53	0.040000	0
53	0.060000	0
53	0.080000	0
53	0.100000	0
53	0.120000	0
53	0.140000	0
53	0.160000	0
53	0.180000	0
53	0.200000	0
53	0.220000	0
53	0.240000	0
53	0.260000	0
53	0.280000	0
53	0.300000	0
53	0.320000	0
53	0.340000	0
53	0.360000	0
53	0.380000	0
53	0.400000	0
53	0.420000	0
53	0.440000	0
53	0.460000	0
53	0.480000	0
53	0.500000	0
53	0.520000	0
53	0.540000	0
53	0.560000	0
53	0.580000	0
53	0.600000	0
53	0.620000	0
53	0.640000	0
53	0.660000	0
53	0.680000	0
53	0.700000	0
53	0.720000	0
53	0.740000	0
53	0.760000	0
53	0.780000	0
53	0.800000	0
53	0.820000	0
53	0.840000	0
53	0.860000	0
53	0.880000	0
53	0.900000	0
53	0.920000	0
53	0.940000	0
53	0.960000	0
53	0.980000	0
53	1.000000	4004
54	0.000000	0
54	0.020000	0
54	0.040000	0
54	0.060000	0
54	0.080000	0
54	0.100000	0
54	0.120000	0
54	0.140000	0
54	0.160000	0
54	0.180000	0
54	0.200000	0
54	0.220000	0
54	0.240000	0
54	0.260000	0
54	0.280000	0
54	0.300000	0
54	0.320000	0
54	0.340000	0
54	0.360000	0
54	0.380000	0
54	0.400000	0
54	0.420000	0
54	0.440000	0
54	0.460000	0
54	0.480000	0
54	0.500000	0
54	0.520000	0
54	0.540000	0
54	0.560000	0
54	0.580000	0
54	0.600000	0
54	0.620000	0
54	0.640000	0
54	0.660000	0
54	0.680000	0
54	0.700000	0
54	0.720000	0
54	0.740000	0
54	0.760000	0
54	0.780000	0
54	0.800000	0
54	0.820000	0
54	0.840000	0
54	0.860000	0
54	0.880000	0
54	0.900000	0
54	0.920000	0
54	0.940000	0
54	0.960000	0
54	0.980000	0
54	1.000000	4015
55	0.000000	0
55	0.020000	0
55	0.040000	0
55	0.060000	0
55	0.080000	0
55	0.100000	0
55	0.120000	0
55	0.140000	0
55	0.160000	0
55	0.180000	0
55	0.200000	0
55	0.220000	0
55	0.240000	0
55	0.260000	0
55	0.280000	0
55	0.300000	0
55	0.320000	0
55	0.340000	0
55	0.360000	0
55	0.380000	0
55	0.400000	0
55	0.420000	0
55	0.440000	0
55	0.460000	0
55	0.480000	0
55	0.500000	0
55	0.520000	0
55	0.540000	0
55	0.560000	0
55	0.580000	0
55	0.600000	0
55	0.620000	0
55	0.640000	0
55	0.660000	0
55	0.680000	0
55	0.700000	0
55	0.720000	0
55	0.740000	0
55	0.760000	0
55	0.780000	0
55	0.800000	0
55	0.820000	0
55	0.840000	0
55	0.860000	0
55	0.880000	0
55	0.900000	0
55	0.920000	0
55	0.940000	0
55	0.960000	0
55	0.980000	0
55	1.000000	4042
56	0.000000	0
56	0.020000	0
56	0.040000	0
56	0.060000	0
56	0.080000	0
56	0.100000	0
56	0.120000	0
56	0.140000	0
56	0.160000	0
56	0.180000	0
56	0.200000	0
56	0.220000	0
56	0.240000	0
56	0.260000	0
56	0.280000	0
56	0.300000	0
56	0.320000	0
56	0.340000	0
56	0.360000	0
56	0.380000	0
56	0.400000	0
56	0.420000	0
56	0.440000	0
56	0.460000	0
56	0.480000	0
56	0.500000	0
56	0.520000	0
56	0.540000	0
56	0.560000	0
56	0.580000	0
56	0.600000	0
56	0.620000	0
56	0.640000	0
56	0.660000	0
56	0.680000	0
56	0.700000	0
56	0.720000	0
56	0.740000	0
56	0.760000	0
56	0.780000	0
56	0.800000	0
56	0.820000	0
56	0.840000	0
56	0.860000	0
56	0.880000	0
56	0.900000	0
56	0.920000	0
56	0.940000	0
56	0.960000	0
56	0.980000	0
56	1.000000	4080
57	0.000000	0
57	0.020000	0
57	0.040000	0
57	0.060000	0
57	0.080000	0
57	0.100000	0
57	0.120000	0
57	0.140000	0
57	0.160000	0
57	0.180000	0
57	0.200000	0
57	0.220000	0
57	0.240000	0
57	0.260000	0
57	0.280000	0
57	0.300000	0
57	0.320000	0
57	0.340000	0
57	0.360000	0
57	0.380000	0
57	0.400000	0
57	0.420000	0
57	0.440000	0
57	0.460000	0
57	0.480000	0
57	0.500000	0
57	0.520000	0
57	0.540000	0
57	0.560000	0
57	0.580000	0
57	0.600000	0
57	0.620000	0
57	0.640000	0
57	0.660000	0
57	0.680000	0
57	0.700000	0
57	0.720000	0
57	0.740000	0
57	0.760000	0
57	0.780000	0
57	0.800000	0
57	0.820000	0
57	0.840000	0
57	0.860000	0
57	0.880000	0
57	0.900000	0
57	0.920000	0
57	0.940000	0
57	0.960000	0
57	0.980000	0
57	1.000000	4101
58	0.000000	0
58	0.020000	0
58	0.040000	0
58	0.060000	0
58	0.080000	0
58	0.100000	0
58	0.120000	0
58	0.140000	0
58	0.160000	0
58	0.180000	0
58	0.200000	0
58	0.220000	0
58	0.240000	0
58	0.260000	0
58	0.280000	0
58	0.300000	0
58	0.320000	0
58	0.340000	0
58	0.360000	0
58	0.380000	0
58	0.400000	0
58	0.420000	0
58	0.440000	0
58	0.460000	0
58	0.480000	0
58	0.500000	0
58	0.520000	0
58	0.540000	0
58	0.560000	0
58	0.580000	0
58	0.600000	0
58	0.620000	0
58	0.640000	0
58	0.660000	0
58	0.680000	0
58	0.700000	0
58	0.720000	0
58	0.740000	0
58	0.760000	0
58	0.780000	0
58	0.800000	0
58	0.820000	0
58	0.840000	0
58	0.860000	0
58	0.880000	0
58	0.900000	0
58	0.920000	0
58	0.940000	0
58	0.960000	0
58	0.980000	0
58	1.000000	4103
59	0.000000	0
59	0.020000	0
59	0.040000	0
59	0.060000	0
59	0.080000	0
59	0.100000	0
59	0.120000	0
59	0.140000	0
59	0.160000	0
59	0.180000	0
59	0.200000	0
59	0.220000	0
59	0.240000	0
59	0.260000	0
59	0.280000	0
59	0.300000	0
59	0.320000	0
59	0.340000	0
59	0.360000	0
59	0.380000	0
59	0.400000	0
59	0.420000	0
59	0.440000	0
59	0.460000	0
59	0.480000	0
59	0.500000	0
59	0.520000	0
59	0.540000	0
59	0.560000	0
59	0.580000	0
59	0.600000	0
59	0.620000	0
59	0.640000	0
59	0.660000	0
59	0.680000	0
59	0.700000	0
59	0.720000	0
59	0.740000	0
59	0.760000	0
59	0.780000	0
59	0.800000	0
59	0.820000	0
59	0.840000	0
59	0.860000	0
59	0.880000	0
59	0.900000	0
59	0.920000	0
59	0.940000	0
59	0.960000	0
59	0.980000	0
59	1.000000	4071
60	0.000000	0
60	0.020000	0
60	0.040000	0
60	0.060000	0
60	0.080000	0
60	0.100000	0
60	0.120000	0
60	0.140000	0
60	0.160000	0
60	0.180000	0
60	0.200000	0
60	0.220000	0
60	0.240000	0
60	0.260000	0
60	0.280000	0
60	0.300000	0
60	0.320000	0
60	0.340000	0
60	0.360000	0
60	0.380000	0
60	0.400000	0
60	0.420000	0
60	0.440000	0
60	0.460000	0
60	0.480000	0
60	0.500000	0
60	0.520000	0
60	0.540000	0
60	0.560000	0
60	0.580000	0
60	0.600000	0
60	0.620000	0
60	0.640000	0
60	0.660000	0
60	0.680000	0
60	0.700000	0
60	0.720000	0
60	0.740000	0
60	0.760000	0
60	0.780000	0
60	0.800000	0
60	0.820000	0
60	0.840000	0
60	0.860000	0
60	0.880000	0
60	0.900000	0
60	0.920000	0
60	0.940000	0
60	0.960000	0
60	0.980000	0
60	1.000000	4028
61	0.000000	0
61	0.020000	0
61	0.040000	0
61	0.060000	0
61	0.080000	0
61	0.100000	0
61	0.120000	0
61	0.140000	0
61	0.160000	0
61	0.180000	0
61	0.200000	0
61	0.220000	0
61	0.240000	0
61	0.260000	0
61	0.280000	0
61	0.300000	0
61	0.320000	0
61	0.340000	0
61	0.360000	0
61	0.380000	0
61	0.400000	0
61	0.420000	0
61	0.440000	0
61	0.460000	0
61	0.480000	0
61	0.500000	0
61	0.520000	0
61	0.540000	0
61	0.560000	0
61	0.580000	0
61	0.600000	0
61	0.620000	0
61	0.640000	0
61	0.660000	0
61	0.680000	0
61	0.700000	0
61	0.720000	0
61	0.740000	0
61	0.760000	0
61	0.780000	0
61	0.800000	0
61	0.820000	0
61	0.840000	0
61	0.860000	0
61	0.880000	0
61	0.900000	0
61	0.920000	0
61	0.940000	0
61	0.960000	0
61	0.980000	0
61	1.000000	4002
62	0.000000	0
62	0.020000	0
62	0.040000	0
62	0.060000	0
62	0.080000	0
62	0.100000	0
62	0.120000	0
62	0.140000	0
62	0.160000	0
62	0.180000	0
62	0.200000	0
62	0.220000	0
62	0.240000	0
62	0.260000	0
62	0.280000	0
62	0.300000	0
62	0.320000	0
62	0.340000	0
62	0.360000	0
62	0.380000	0
62	0.400000	0
62	0.420000	0
62	0.440000	0
62	0.460000	0
62	0.480000	0
62	0.500000	0
62	0.520000	0
62	0.540000	0
62	0.560000	0
62	0.580000	0
62	0.600000	0
62	0.620000	0
62	0.640000	0
62	0.660000	0
62	0.680000	0
62	0.700000	0
62	0.720000	0
62	0.740000	0
62	0.760000	0
62	0.780000	0
62	0.800000	0
62	0.820000	0
62	0.840000	0
62	0.860000	0
62	0.880000	0
62	0.900000	0
62	0.920000	0
62	0.940000	0
62	0.960000	0
62	0.980000	0
62	1.000000	3988
63	0.000000	0
63	0.020000	0
63	0.040000	0
63	0.060000	0
63	0.080000	0
63	0.100000	0
63	0.120000	0
63	0.140000	0
63	0.160000	0
63	0.180000	0
63	0.200000	0
63	0.220000	0
63	0.240000	0
63	0.260000	0
63	0.280000	0
63	0.300000	0
63	0.320000	0
63	0.340000	0
63	0.360000	0
63	0.380000	0
63	0.400000	0
63	0.420000	0
63	0.440000	0
63	0.460000	0
63	0.480000	0
63	0.500000	0
63	0.520000	0
63	0.540000	0
63	0.560000	0
63	0.580000	0
63	0.600000	0
63	0.620000	0
63	0.640000	0
63	0.660000	0
63	0.680000	0
63	0.700000	0
63	0.720000	0
63	0.740000	0
63	0.760000	0
63	0.780000	0
63	0.800000	0
63	0.820000	0
63	0.840000	0
63	0.860000	0
63	0.880000	0
63	0.900000	0
63	0.920000	0
63	0.940000	0
63	0.960000	0
63	0.980000	0
63	1.000000	4006
64	0.000000	0
64	0.020000	0
64	0.040000	0
64	0.060000	0
64	0.080000	0
64	0.100000	0
64	0.120000	0
64	0.140000	0
64	0.160000	0
64	0.180000	0
64	0.200000	0
64	0.220000	0
64	0.240000	0
64	0.260000	0
64	0.280000	0
64	0.300000	0
64	0.320000	0
64	0.340000	0
64	0.360000	0
64	0.380000	0
64	0.400000	0
64	0.420000	0
64	0.440000	0
64	0.460000	0
64	0.480000	0
64	0.500000	0
64	0.520000	0
64	0.540000	0
64	0.560000	0
64	0.580000	0
64	0.600000	0
64	0.620000	0
64	0.640000	0
64	0.660000	0
64	0.680000	0
64	0.700000	0
64	0.720000	0
64	0.740000	0
64	0.760000	0
64	0.780000	0
64	0.800000	0
64	0.820000	0
64	0.840000	0
64	0.860000	0
64	0.880000	0
64	0.900000	0
64	0.920000	0
64	0.940000	0
64	0.960000	0
64	0.980000	0
64	1.000000	4028
65	0.000000	0
65	0.020000	0
65	0.040000	0
65	0.060000	0
65	0.080000	0
65	0.100000	0
65	0.120000	0
65	0.140000	0
65	0.160000	0
65	0.180000	0
65	0.200000	0
65	0.220000	0
65	0.240000	0
65	0.260000	0
65	0.280000	0
65	0.300000	0
65	0.320000	0
65	0.340000	0
65	0.360000	0
65	0.380000	0
65	0.400000	0
65	0.420000	0
65	0.440000	0
65	0.460000	0
65	0.480000	0
65	0.500000	0
65	0.520000	0
65	0.540000	0
65	0.560000	0
65	0.580000	0
65	0.600000	0
65	0.620000	0
65	0.640000	0
65	0.660000	0
65	0.680000	0
65	0.700000	0
65	0.720000	0
65	0.740000	0
65	0.760000	0
65	0.780000	0
65	0.800000	0
65	0.820000	0
65	0.840000	0
65	0.860000	0
65	0.880000	0
65	0.900000	0
65	0.920000	0
65	0.940000	0
65	0.960000	0
65	0.980000	0
65	1.000000	4046
66	0.000000	0
66	0.020000	0
66	0.040000	0
66	0.060000	0
66	0.080000	0
66	0.100000	0
66	0.120000	0
66	0.140000	0
66	0.160000	0
66	0.180000	0
66	0.200000	0
66	0.220000	0
66	0.240000	0
66	0.260000	0
66	0.280000	0
66	0.300000	0
66	0.320000	0
66	0.340000	0
66	0.360000	0
66	0.380000	0
66	0.400000	0
66	0.420000	0
66	0.440000	0
66	0.460000	0
66	0.480000	0
66	0.500000	0
66	0.520000	0
66	0.540000	0
66	0.560000	0
66	0.580000	0
66	0.600000	0
66	0.620000	0
66	0.640000	0
66	0.660000	0
66	0.680000	0
66	0.700000	0
66	0.720000	0
66	0.740000	0
66	0.760000	0
66	0.780000	0
66	0.800000	0
66	0.820000	0
66	0.840000	0
66	0.860000	0
66	0.880000	0
66	0.900000	0
66	0.920000	0
66	0.940000	0
66	0.960000	0
66	0.980000	0
66	1.000000	4030
67	0.000000	0
67	0.020000	0
67	0.040000	0
67	0.060000	0
67	0.080000	0
67	0.100000	0
67	0.120000	0
67	0.140000	0
67	0.160000	0
67	0.180000	0
67	0.200000	0
67	0.220000	0
67	0.240000	0
67	0.260000	0
67	0.280000	0
67	0.300000	0
67	0.320000	0
67	0.340000	0
67	0.360000	0
67	0.380000	0
67	0.400000	0
67	0.420000	0
67	0.440000	0
67	0.460000	0
67	0.480000	0
67	0.500000	0
67	0.520000	0
67	0.540000	0
67	0.560000	0
67	0.580000	0
67	0.600000	0
67	0.620000	0
67	0.640000	0
67	0.660000	0
67	0.680000	0
67	0.700000	0
67	0.720000	0
67	0.740000	0
67	0.760000	0
67	0.780000	0
67	0.800000	0
67	0.820000	0
67	0.840000	0
67	0.860000	0
67	0.880000	0
67	0.900000	0
67	0.920000	0
67	0.940000	0
67	0.960000	0
67	0.980000	0
67	1.000000	4000
68	0.000000	0
68	0.020000	0
68	0.040000	0
68	0.060000	0
68	0.080000	0
68	0.100000	0
68	0.120000	0
68	0.140000	0
68	0.160000	0
68	0.180000	0
68	0.200000	0
68	0.220000	0
68	0.240000	0
68	0.260000	0
68	0.280000	0
68	0.300000	0
68	0.320000	0
68	0.340000	0
68	0.360000	0
68	0.380000	0
68	0.400000	0
68	0.420000	0
68	0.440000	0
68	0.460000	0
68	0.480000	0
68	0.500000	0
68	0.520000	0
68	0.540000	0
68	0.560000	0
68	0.580000	0
68	0.600000	0
68	0.620000	0
68	0.640000	0
68	0.660000	0
68	0.680000	0
68	0.700000	0
68	0.720000	0
68	0.740000	0
68	0.760000	0
68	0.780000	0
68	0.800000	0
68	0.820000	0
68	0.840000	0
68	0.860000	0
68	0.880000	0
68	0.900000	0
68	0.920000	0
68	0.940000	0
68	0.960000	0
68	0.980000	0
68	1.000000	3995
69	0.000000	0
69	0.020000	0
69	0.040000	0
69	0.060000	0
69	0.080000	0
69	0.100000	0
69	0.120000	0
69	0.140000	0
69	0.160000	0
69	0.180000	0
69	0.200000	0
69	0.220000	0
69	0.240000	0
69	0.260000	0
69	0.280000	0
69	0.300000	0
69	0.320000	0
69	0.340000	0
69	0.360000	0
69	0.380000	0
69	0.400000	0
69	0.420000	0
69	0.440000	0
69	0.460000	0
69	0.480000	0
69	0.500000	0
69	0.520000	0
69	0.540000	0
69	0.560000	0
69	0.580000	0
69	0.600000	0
69	0.620000	0
69	0.640000	0
69	0.660000	0
69	0.680000	0
69	0.700000	0
69	0.720000	0
69	0.740000	0
69	0.760000	0
69	0.780000	0
69	0.800000	0
69	0.820000	0
69	0.840000	0
69	0.860000	0
69	0.880000	0
69	0.900000	0
69	0.920000	0
69	0.940000	0
69	0.960000	0
69	0.980000	0
69	1.000000	3995
70	0.000000	0
70	0.020000	0
70	0.040000	0
70	0.060000	0
70	0.080000	0
70	0.100000	0
70	0.120000	0
70	0.140000	0
70	0.160000	0
70	0.180000	0
70	0.200000	0
70	0.220000	0
70	0.240000	0
70	0.260000	0
70	0.280000	0
70	0.300000	0
70	0.320000	0
70	0.340000	0
70	0.360000	0
70	0.380000	0
70	0.400000	0
70	0.420000	0
70	0.440000	0
70	0.460000	0
70	0.480000	0
70	0.500000	0
70	0.520000	0
70	0.540000	0
70	0.560000	0
70	0.580000	0
70	0.600000	0
70	0.620000	0
70	0.640000	0
70	0.660000	0
70	0.680000	0
70	0.700000	0
70	0.720000	0
70	0.740000	0
70	0.760000	0
70	0.780000	0
70	0.800000	0
70	0.820000	0
70	0.840000	0
70	0.860000	0
70	0.880000	0
70	0.900000	0
70	0.920000	0
70	0.940000	0
70	0.960000	0
70	0.980000	0
70	1.000000	4017
71	0.000000	0
71	0.020000	0
71	0.040000	0
71	0.060000	0
71	0.080000	0
71	0.100000	0
71	0.120000	0
71	0.140000	0
71	0.160000	0
71	0.180000	0
71	0.200000	0
71	0.220000	0
71	0.240000	0
71	0.260000	0
71	0.280000	0
71	0.300000	0
71	0.320000	0
71	0.340000	0
71	0.360000	0
71	0.380000	0
71	0.400000	0
71	0.420000	0
71	0.440000	0
71	0.460000	0
71	0.480000	0
71	0.500000	0
71	0.520000	0
71	0.540000	0
71	0.560000	0
71	0.580000	0
71	0.600000	0
71	0.620000	0
71	0.640000	0
71	0.660000	0
71	0.680000	0
71	0.700000	0
71	0.720000	0
71	0.740000	0
71	0.760000	0
71	0.780000	0
71	0.800000	0
71	0.820000	0
71	0.840000	0
71	0.860000	0
71	0.880000	0
71	0.900000	0
71	0.920000	0
71	0.940000	0
71	0.960000	0
71	0.980000	0
71	1.000000	4027
72	0.000000	0
72	0.020000	0
72	0.040000	0
72	0.060000	0
72	0.080000	0
72	0.100000	0
72	0.120000	0
72	0.140000	0
72	0.160000	0
72	0.180000	0
72	0.200000	0
72	0.220000	0
72	0.240000	0
72	0.260000	0
72	0.280000	0
72	0.300000	0
72	0.320000	0
72	0.340000	0
72	0.360000	0
72	0.380000	0
72	0.400000	0
72	0.420000	0
72	0.440000	0
72	0.460000	0
72	0.480000	0
72	0.500000	0
72	0.520000	0
72	0.540000	0
72	0.560000	0
72	0.580000	0
72	0.600000	0
72	0.620000	0
72	0.640000	0
72	0.660000	0
72	0.680000	0
72	0.700000	0
72	0.720000	0
72	0.740000	0
72	0.760000	0
72	0.780000	0
72	0.800000	0
72	0.820000	0
72	0.840000	0
72	0.860000	0
72	0.880000	0
72	0.900000	0
72	0.920000	0
72	0.940000	0
72	0.960000	0
72	0.980000	0
72	1.000000	4035
73	0.000000	0
73	0.020000	0
73	0.040000	0
73	0.060000	0
73	0.080000	0
73	0.100000	0
73	0.120000	0
73	0.140000	0
73	0.160000	0
73	0.180000	0
73	0.200000	0
73	0.220000	0
73	0.240000	0
73	0.260000	0
73	0.280000	0
73	0.300000	0
73	0.320000	0
73	0.340000	0
73	0.360000	0
73	0.380000	0
73	0.400000	0
73	0.420000	0
73	0.440000	0
73	0.460000	0
73	0.480000	0
73	0.500000	0
73	0.520000	0
73	0.540000	0
73	0.560000	0
73	0.580000	0
73	0.600000	0
73	0.620000	0
73	0.640000	0
73	0.660000	0
73	0.680000	0
73	0.700000	0
73	0.720000	0
73	0.740000	0
73	0.760000	0
73	0.780000	0
73	0.800000	0
73	0.820000	0
73	0.840000	0
73	0.860000	0
73	0.880000	0
73	0.900000	0
73	0.920000	0
73	0.940000	0
73	0.960000	0
73	0.980000	0
73	1.000000	4024
74	0.000000	0
74	0.020000	0
74	0.040000	0
74	0.060000	0
74	0.080000	0
74	0.100000	0
74	0.120000	0
74	0.140000	0
74	0.160000	0
74	0.180000	0
74	0.200000	0
74	0.220000	0
74	0.240000	0
74	0.260000	0
74	0.280000	0
74	0.300000	0
74	0.320000	0
74	0.340000	0
74	0.360000	0
74	0.380000	0
74	0.400000	0
74	0.420000	0
74	0.440000	0
74	0.460000	0
74	0.480000	0
74	0.500000	0
74	0.520000	0
74	0.540000	0
74	0.560000	0
74	0.580000	0
74	0.600000	0
74	0.620000	0
74	0.640000	0
74	0.660000	0
74	0.680000	0
74	0.700000	0
74	0.720000	0
74	0.740000	0
74	0.760000	0
74	0.780000	0
74	0.800000	0
74	0.820000	0
74	0.840000	0
74	0.860000	0
74	0.880000	0
74	0.900000	0
74	0.920000	0
74	0.940000	0
74	0.960000	0
74	0.980000	0
74	1.000000	4006
75	0.000000	0
75	0.020000	0
75	0.040000	0
75	0.060000	0
75	0.080000	0
75	0.100000	0
75	0.120000	0
75	0.140000	0
75	0.160000	0
75	0.180000	0
75	0.200000	0
75	0.220000	0
75	0.240000	0
75	0.260000	0
75	0.280000	0
75	0.300000	0
75	0.320000	0
75	0.340000	0
75	0.360000	0
75	0.380000	0
75	0.400000	0
75	0.420000	0
75	0.440000	0
75	0.460000	0
75	0.480000	0
75	0.500000	0
75	0.520000	0
75	0.540000	0
75	0.560000	0
75	0.580000	0
75	0.600000	0
75	0.620000	0
75	0.640000	0
75	0.660000	0
75	0.680000	0
75	0.700000	0
75	0.720000	0
75	0.740000	0
75	0.760000	0
75	0.780000	0
75	0.800000	0
75	0.820000	0
75	0.840000	0
75	0.860000	0
75	0.880000	0
75	0.900000	0
75	0.920000	0
75	0.940000	0
75	0.960000	0
75	0.980000	0
75	1.000000	3994
76	0.000000	0
76	0.020000	0
76	0.040000	0
76	0.060000	0
76	0.080000	0
76	0.100000	0
76	0.120000	0
76	0.140000	0
76	0.160000	0
76	0.180000	0
76	0.200000	0
76	0.220000	0
76	0.240000	0
76	0.260000	0
76	0.280000	0
76	0.300000	0
76	0.320000	0
76	0.340000	0
76	0.360000	0
76	0.380000	0
76	0.400000	0
76	0.420000	0
76	0.440000	0
76	0.460000	0
76	0.480000	0
76	0.500000	0
76	0.520000	0
76	0.540000	0
76	0.560000	0
76	0.580000	0
76	0.600000	0
76	0.620000	0
76	0.640000	0
76	0.660000	0
76	0.680000	0
76	0.700000	0
76	0.720000	0
76	0.740000	0
76	0.760000	0
76	0.780000	0
76	0.800000	0
76	0.820000	0
76	0.840000	0
76	0.860000	0
76	0.880000	0
76	0.900000	0
76	0.920000	0
76	0.940000	0
76	0.960000	0
76	0.980000	0
76	1.000000	3982
77	0.000000	0
77	0.020000	0
77	0.040000	0
77	0.060000	0
77	0.080000	0
77	0.100000	0
77	0.120000	0
77	0.140000	0
77	0.160000	0
77	0.180000	0
77	0.200000	0
77	0.220000	0
77	0.240000	0
77	0.260000	0
77	0.280000	0
77	0.300000	0
77	0.320000	0
77	0.340000	0
77	0.360000	0
77	0.380000	0
77	0.400000	0
77	0.420000	0
77	0.440000	0
77	0.460000	0
77	0.480000	0
77	0.500000	0
77	0.520000	0
77	0.540000	0
77	0.560000	0
77	0.580000	0
77	0.600000	0
77	0.620000	0
77	0.640000	0
77	0.660000	0
77	0.680000	0
77	0.700000	0
77	0.720000	0
77	0.740000	0
77	0.760000	0
77	0.780000	0
77	0.800000	0
77	0.820000	0
77	0.840000	0
77	0.860000	0
77	0.880000	0
77	0.900000	0
77	0.920000	0
77	0.940000	0
77	0.960000	0
77	0.980000	0
77	1.000000	3982
78	0.000000	0
78	0.020000	0
78	0.040000	0
78	0.060000	0
78	0.080000	0
78	0.100000	0
78	0.120000	0
78	0.140000	0
78	0.160000	0
78	0.180000	0
78	0.200000	0
78	0.220000	0
78	0.240000	0
78	0.260000	0
78	0.280000	0
78	0.300000	0
78	0.320000	0
78	0.340000	0
78	0.360000	0
78	0.380000	0
78	0.400000	0
78	0.420000	0
78	0.440000	0
78	0.460000	0
78	0.480000	0
78	0.500000	0
78	0.520000	0
78	0.540000	0
78	0.560000	0
78	0.580000	0
78	0.600000	0
78	0.620000	0
78	0.640000	0
78	0.660000	0
78	0.680000	0
78	0.700000	0
78	0.720000	0
78	0.740000	0
78	0.760000	0
78	0.780000	0
78	0.800000	0
78	0.820000	0
78	0.840000	0
78	0.860000	0
78	0.880000	0
78	0.900000	0
78	0.920000	0
78	0.940000	0
78	0.960000	0
78	0.980000	0
78	1.000000	4000
79	0.000000	0
79	0.020000	0
79	0.040000	0
79	0.060000	0
79	0.080000	0
79	0.100000	0
79	0.120000	0
79	0.140000	0
79	0.160000	0
79	0.180000	0
79	0.200000	0
79	0.220000	0
79	0.240000	0
79	0.260000	0
79	0.280000	0
79	0.300000	0
79	0.320000	0
79	0.340000	0
79	0.360000	0
79	0.380000	0
79	0.400000	0
79	0.420000	0
79	0.440000	0
79	0.460000	0
79	0.480000	0
79	0.500000	0
79	0.520000	0
79	0.540000	0
79	0.560000	0
79	0.580000	0
79	0.600000	0
79	0.620000	0
79	0.640000	0
79	0.660000	0
79	0.680000	0
79	0.700000	0
79	0.720000	0
79	0.740000	0
79	0.760000	0
79	0.780000	0
79	0.800000	0
79	0.820000	0
79	0.840000	0
79	0.860000	0
79	0.880000	0
79	0.900000	0
79	0.920000	0
79	0.940000	0
79	0.960000	0
79	0.980000	0
79	1.000000	3997
80	0.000000	0
80	0.020000	0
80	0.040000	0
80	0.060000	0
80	0.080000	0
80	0.100000	0
80	0.120000	0
80	0.140000	0
80	0.160000	0
80	0.180000	0
80	0.200000	0
80	0.220000	0
80	0.240000	0
80	0.260000	0
80	0.280000	0
80	0.300000	0
80	0.320000	0
80	0.340000	0
80	0.360000	0
80	0.380000	0
80	0.400000	0
80	0.420000	0
80	0.440000	0
80	0.460000	0
80	0.480000	0
80	0.500000	0
80	0.520000	0
80	0.540000	0
80	0.560000	0
80	0.580000	0
80	0.600000	0
80	0.620000	0
80	0.640000	0
80	0.660000	0
80	0.680000	0
80	0.700000	0
80	0.720000	0
80	0.740000	0
80	0.760000	0
80	0.780000	0
80	0.800000	0
80	0.820000	0
80	0.840000	0
80	0.860000	0
80	0.880000	0
80	0.900000	0
80	0.920000	0
80	0.940000	0
80	0.960000	0
80	0.980000	0
80	1.000000	4008
81	0.000000	0
81	0.020000	0
81	0.040000	0
81	0.060000	0
81	0.080000	0
81	0.100000	0
81	0.120000	0
81	0.140000	0
81	0.160000	0
81	0.180000	0
81	0.200000	0
81	0.220000	0
81	0.240000	0
81	0.260000	0
81	0.280000	0
81	0.300000	0
81	0.320000	0
81	0.340000	0
81	0.360000	0
81	0.380000	0
81	0.400000	0
81	0.420000	0
81	0.440000	0
81	0.460000	0
81	0.480000	0
81	0.500000	0
81	0.520000	0
81	0.540000	0
81	0.560000	0
81	0.580000	0
81	0.600000	0
81	0.620000	0
81	0.640000	0
81	0.660000	0
81	0.680000	0
81	0.700000	0
81	0.720000	0
81	0.740000	0
81	0.760000	0
81	0.780000	0
81	0.800000	0
81	0.820000	0
81	0.840000	0
81	0.860000	0
81	0.880000	0
81	0.900000	0
81	0.920000	0
81	0.940000	0
81	0.960000	0
81	0.980000	0
81	1.000000	4004
82	0.000000	0
82	0.020000	0
82	0.040000	0
82	0.060000	0
82	0.080000	0
82	0.100000	0
82	0.120000	0
82	0.140000	0
82	0.160000	0
82	0.180000	0
82	0.200000	0
82	0.220000	0
82	0.240000	0
82	0.260000	0
82	0.280000	0
82	0.300000	0
82	0.320000	0
82	0.340000	0
82	0.360000	0
82	0.380000	0
82	0.400000	0
82	0.420000	0
82	0.440000	0
82	0.460000	0
82	0.480000	0
82	0.500000	0
82	0.520000	0
82	0.540000	0
82	0.560000	0
82	0.580000	0
82	0.600000	0
82	0.620000	0
82	0.640000	0
82	0.660000	0
82	0.680000	0
82	0.700000	0
82	0.720000	0
82	0.740000	0
82	0.760000	0
82	0.780000	0
82	0.800000	0
82	0.820000	0
82	0.840000	0
82	0.860000	0
82	0.880000	0
82	0.900000	0
82	0.920000	0
82	0.940000	0
82	0.960000	0
82	0.980000	0
82	1.000000	4001
83	0.000000	0
83	0.020000	0
83	0.040000	0
83	0.060000	0
83	0.080000	0
83	0.100000	0
83	0.120000	0
83	0.140000	0
83	0.160000	0
83	0.180000	0
83	0.200000	0
83	0.220000	0
83	0.240000	0
83	0.260000	0
83	0.280000	0
83	0.300000	0
83	0.320000	0
83	0.340000	0
83	0.360000	0
83	0.380000	0
83	0.400000	0
83	0.420000	0
83	0.440000	0
83	0.460000	0
83	0.480000	0
83	0.500000	0
83	0.520000	0
83	0.540000	0
83	0.560000	0
83	0.580000	0
83	0.600000	0
83	0.620000	0
83	0.640000	0
83	0.660000	0
83	0.680000	0
83	0.700000	0
83	0.720000	0
83	0.740000	0
83	0.760000	0
83	0.780000	0
83	0.800000	0
83	0.820000	0
83	0.840000	0
83	0.860000	0
83	0.880000	0
83	0.900000	0
83	0.920000	0
83	0.940000	0
83	0.960000	0
83	0.980000	0
83	1.000000	4004
84	0.000000	0
84	0.020000	0
84	0.040000	0
84	0.060000	0
84	0.080000	0
84	0.100000	0
84	0.120000	0
84	0.140000	0
84	0.160000	0
84	0.180000	0
84	0.200000	0
84	0.220000	0
84	0.240000	0
84	0.260000	0
84	0.280000	0
84	0.300000	0
84	0.320000	0
84	0.340000	0
84	0.360000	0
84	0.380000	0
84	0.400000	0
84	0.420000	0
84	0.440000	0
84	0.460000	0
84	0.480000	0
84	0.500000	0
84	0.520000	0
84	0.540000	0
84	0.560000	0
84	0.580000	0
84	0.600000	0
84	0.620000	0
84	0.640000	0
84	0.660000	0
84	0.680000	0
84	0.700000	0
84	0.720000	0
84	0.740000	0
84	0.760000	0
84	0.780000	0
84	0.800000	0
84	0.820000	0
84	0.840000	0
84	0.860000	0
84	0.880000	0
84	0.900000	0
84	0.920000	0
84	0.940000	0
84	0.960000	0
84	0.980000	0
84	1.000000	3997
85	0.000000	0
85	0.020000	0
85	0.040000	0
85	0.060000	0
85	0.080000	0
85	0.100000	0
85	0.120000	0
85	0.140000	0
85	0.160000	0
85	0.180000	0
85	0.200000	0
85	0.220000	0
85	0.240000	0
85	0.260000	0
85	0.280000	0
85	0.300000	0
85	0.320000	0
85	0.340000	0
85	0.360000	0
85	0.380000	0
85	0.400000	0
85	0.420000	0
85	0.440000	0
85	0.460000	0
85	0.480000	0
85	0.500000	0
85	0.520000	0
85	0.540000	0
85	0.560000	0
85	0.580000	0
85	0.600000	0
85	0.620000	0
85	0.640000	0
85	0.660000	0
85	0.680000	0
85	0.700000	0
85	0.720000	0
85	0.740000	0
85	0.760000	0
85	0.780000	0
85	0.800000	0
85	0.820000	0
85	0.840000	0
85	0.860000	0
85	0.880000	0
85	0.900000	0
85	0.920000	0
85	0.940000	0
85	0.960000	0
85	0.980000	0
85	1.000000	3995
86	0.000000	0
86	0.020000	0
86	0.040000	0
86	0.060000	0
86	0.080000	0
86	0.100000	0
86	0.120000	0
86	0.140000	0
86	0.160000	0
86	0.180000	0
86	0.200000	0
86	0.220000	0
86	0.240000	0
86	0.260000	0
86	0.280000	0
86	0.300000	0
86	0.320000	0
86	0.340000	0
86	0.360000	0
86	0.380000	0
86	0.400000	0
86	0.420000	0
86	0.440000	0
86	0.460000	0
86	0.480000	0
86	0.500000	0
86	0.520000	0
86	0.540000	0
86	0.560000	0
86	0.580000	0
86	0.600000	0
86	0.620000	0
86	0.640000	0
86	0.660000	0
86	0.680000	0
86	0.700000	0
86	0.720000	0
86	0.740000	0
86	0.760000	0
86	0.780000	0
86	0.800000	0
86	0.820000	0
86	0.840000	0
86	0.860000	0
86	0.880000	0
86	0.900000	0
86	0.920000	0
86	0.940000	0
86	0.960000	0
86	0.980000	0
86	1.000000	3994
87	0.000000	0
87	0.020000	0
87	0.040000	0
87	0.060000	0
87	0.080000	0
87	0.100000	0
87	0.120000	0
87	0.140000	0
87	0.160000	0
87	0.180000	0
87	0.200000	0
87	0.220000	0
87	0.240000	0
87	0.260000	0
87	0.280000	0
87	0.300000	0
87	0.320000	0
87	0.340000	0
87	0.360000	0
87	0.380000	0
87	0.400000	0
87	0.420000	0
87	0.440000	0
87	0.460000	0
87	0.480000	0
87	0.500000	0
87	0.520000	0
87	0.540000	0
87	0.560000	0
87	0.580000	0
87	0.600000	0
87	0.620000	0
87	0.640000	0
87	0.660000	0
87	0.680000	0
87	0.700000	0
87	0.720000	0
87	0.740000	0
87	0.760000	0
87	0.780000	0
87	0.800000	0
87	0.820000	0
87	0.840000	0
87	0.860000	0
87	0.880000	0
87	0.900000	0
87	0.920000	0
87	0.940000	0
87	0.960000	0
87	0.980000	0
87	1.000000	3990
88	0.000000	0
88	0.020000	0
88	0.040000	0
88	0.060000	0
88	0.080000	0
88	0.100000	0
88	0.120000	0
88	0.140000	0
88	0.160000	0
88	0.180000	0
88	0.200000	0
88	0.220000	0
88	0.240000	0
88	0.260000	0
88	0.280000	0
88	0.300000	0
88	0.320000	0
88	0.340000	0
88	0.360000	0
88	0.380000	0
88	0.400000	0
88	0.420000	0
88	0.440000	0
88	0.460000	0
88	0.480000	0
88	0.500000	0
88	0.520000	0
88	0.540000	0
88	0.560000	0
88	0.580000	0
88	0.600000	0
88	0.620000	0
88	0.640000	0
88	0.660000	0
88	0.680000	0
88	0.700000	0
88	0.720000	0
88	0.740000	0
88	0.760000	0
88	0.780000	0
88	0.800000	0
88	0.820000	0
88	0.840000	0
88	0.860000	0
88	0.880000	0
88	0.900000	0
88	0.920000	0
88	0.940000	0
88	0.960000	0
88	0.980000	0
88	1.000000	3992
89	0.000000	0
89	0.020000	0
89	0.040000	0
89	0.060000	0
89	0.080000	0
89	0.100000	0
89	0.120000	0
89	0.140000	0
89	0.160000	0
89	0.180000	0
89	0.200000	0
89	0.220000	0
89	0.240000	0
89	0.260000	0
89	0.280000	0
89	0.300000	0
89	0.320000	0
89	0.340000	0
89	0.360000	0
89	0.380000	0
89	0.400000	0
89	0.420000	0
89	0.440000	0
89	0.460000	0
89	0.480000	0
89	0.500000	0
89	0.520000	0
89	0.540000	0
89	0.560000	0
89	0.580000	0
89	0.600000	0
89	0.620000	0
89	0.640000	0
89	0.660000	0
89	0.680000	0
89	0.700000	0
89	0.720000	0
89	0.740000	0
89	0.760000	0
89	0.780000	0
89	0.800000	0
89	0.820000	0
89	0.840000	0
89	0.860000	0
89	0.880000	0
89	0.900000	0
89	0.920000	0
89	0.940000	0
89	0.960000	0
89	0.980000	0
89	1.000000	3986
90	0.000000	0
90	0.020000	0
90	0.040000	0
90	0.060000	0
90	0.080000	0
90	0.100000	0
90	0.120000	0
90	0.140000	0
90	0.160000	0
90	0.180000	0
90	0.200000	0
90	0.220000	0
90	0.240000	0
90	0.260000	0
90	0.280000	0
90	0.300000	0
90	0.320000	0
90	0.340000	0
90	0.360000	0
90	0.380000	0
90	0.400000	0
90	0.420000	0
90	0.440000	0
90	0.460000	0
90	0.480000	0
90	0.500000	0
90	0.520000	0
90	0.540000	0
90	0.560000	0
90	0.580000	0
90	0.600000	0
90	0.620000	0
90	0.640000	0
90	0.660000	0
90	0.680000	0
90	0.700000	0
90	0.720000	0
90	0.740000	0
90	0.760000	0
90	0.780000	0
90	0.800000	0
90	0.820000	0
90	0.840000	0
90	0.860000	0
90	0.880000	0
90	0.900000	0
90	0.920000	0
90	0.940000	0
90	0.960000	0
90	0.980000	0
90	1.000000	3993
91	0.000000	0
91	0.020000	0
91	0.040000	0
91	0.060000	0
91	0.080000	0
91	0.100000	0
91	0.120000	0
91	0.140000	0
91	0.160000	0
91	0.180000	0
91	0.200000	0
91	0.220000	0
91	0.240000	0
91	0.260000	0
91	0.280000	0
91	0.300000	0
91	0.320000	0
91	0.340000	0
91	0.360000	0
91	0.380000	0
91	0.400000	0
91	0.420000	0
91	0.440000	0
91	0.460000	0
91	0.480000	0
91	0.500000	0
91	0.520000	0
91	0.540000	0
91	0.560000	0
91	0.580000	0
91	0.600000	0
91	0.620000	0
91	0.640000	0
91	0.660000	0
91	0.680000	0
91	0.700000	0
91	0.720000	0
91	0.740000	0
91	0.760000	0
91	0.780000	0
91	0.800000	0
91	0.820000	0
91	0.840000	0
91	0.860000	0
91	0.880000	0
91	0.900000	0
91	0.920000	0
91	0.940000	0
91	0.960000	0
91	0.980000	0
91	1.000000	3984
92	0.000000	0
92	0.020000	0
92	0.040000	0
92	0.060000	0
92	0.080000	0
92	0.100000	0
92	0.120000	0
92	0.140000	0
92	0.160000	0
92	0.180000	0
92	0.200000	0
92	0.220000	0
92	0.240000	0
92	0.260000	0
92	0.280000	0
92	0.300000	0
92	0.320000	0
92	0.340000	0
92	0.360000	0
92	0.380000	0
92	0.400000	0
92	0.420000	0
92	0.440000	0
92	0.460000	0
92	0.480000	0
92	0.500000	0
92	0.520000	0
92	0.540000	0
92	0.560000	0
92	0.580000	0
92	0.600000	0
92	0.620000	0
92	0.640000	0
92	0.660000	0
92	0.680000	0
92	0.700000	0
92	0.720000	0
92	0.740000	0
92	0.760000	0
92	0.780000	0
92	0.800000	0
92	0.820000	0
92	0.840000	0
92	0.860000	0
92	0.880000	0
92	0.900000	0
92	0.920000	0
92	0.940000	0
92	0.960000	0
92	0.980000	0
92	1.000000	3997
93	0.000000	0
93	0.020000	0
93	0.040000	0
93	0.060000	0
93	0.080000	0
93	0.100000	0
93	0.120000	0
93	0.140000	0
93	0.160000	0
93	0.180000	0
93	0.200000	0
93	0.220000	0
93	0.240000	0
93	0.260000	0
93	0.280000	0
93	0.300000	0
93	0.320000	0
93	0.340000	0
93	0.360000	0
93	0.380000	0
93	0.400000	0
93	0.420000	0
93	0.440000	0
93	0.460000	0
93	0.480000	0
93	0.500000	0
93	0.520000	0
93	0.540000	0
93	0.560000	0
93	0.580000	0
93	0.600000	0
93	0.620000	0
93	0.640000	0
93	0.660000	0
93	0.680000	0
93	0.700000	0
93	0.720000	0
93	0.740000	0
93	0.760000	0
93	0.780000	0
93	0.800000	0
93	0.820000	0
93	0.840000	0
93	0.860000	0
93	0.880000	0
93	0.900000	0
93	0.920000	0
93	0.940000	0
93	0.960000	0
93	0.980000	0
93	1.000000	3993
94	0.000000	0
94	0.020000	0
94	0.040000	0
94	0.060000	0
94	0.080000	0
94	0.100000	0
94	0.120000	0
94	0.140000	0
94	0.160000	0
94	0.180000	0
94	0.200000	0
94	0.220000	0
94	0.240000	0
94	0.260000	0
94	0.280000	0
94	0.300000	0
94	0.320000	0
94	0.340000	0
94	0.360000	0
94	0.380000	0
94	0.400000	0
94	0.420000	0
94	0.440000	0
94	0.460000	0
94	0.480000	0
94	0.500000	0
94	0.520000	0
94	0.540000	0
94	0.560000	0
94	0.580000	0
94	0.600000	0
94	0.620000	0
94	0.640000	0
94	0.660000	0
94	0.680000	0
94	0.700000	0
94	0.720000	0
94	0.740000	0
94	0.760000	0
94	0.780000	0
94	0.800000	0
94	0.820000	0
94	0.840000	0
94	0.860000	0
94	0.880000	0
94	0.900000	0
94	0.920000	0
94	0.940000	0
94	0.960000	0
94	0.980000	0
94	1.000000	4001
95	0.000000	0
95	0.020000	0
95	0.040000	0
95	0.060000	0
95	0.080000	0
95	0.100000	0
95	0.120000	0
95	0.140000	0
95	0.160000	0
95	0.180000	0
95	0.200000	0
95	0.220000	0
95	0.240000	0
95	0.260000	0
95	0.280000	0
95	0.300000	0
95	0.320000	0
95	0.340000	0
95	0.360000	0
95	0.380000	0
95	0.400000	0
95	0.420000	0
95	0.440000	0
95	0.460000	0
95	0.480000	0
95	0.500000	0
95	0.520000	0
95	0.540000	0
95	0.560000	0
95	0.580000	0
95	0.600000	0
95	0.620000	0
95	0.640000	0
95	0.660000	0
95	0.680000	0
95	0.700000	0
95	0.720000	0
95	0.740000	0
95	0.760000	0
95	0.780000	0
95	0.800000	0
95	0.820000	0
95	0.840000	0
95	0.860000	0
95	0.880000	0
95	0.900000	0
95	0.920000	0
95	0.940000	0
95	0.960000	0
95	0.980000	0
95	1.000000	3982
96	0.000000	0
96	0.020000	0
96	0.040000	0
96	0.060000	0
96	0.080000	0
96	0.100000	0
96	0.120000	0
96	0.140000	0
96	0.160000	0
96	0.180000	0
96	0.200000	0
96	0.220000	0
96	0.240000	0
96	0.260000	0
96	0.280000	0
96	0.300000	0
96	0.320000	0
96	0.340000	0
96	0.360000	0
96	0.380000	0
96	0.400000	0
96	0.420000	0
96	0.440000	0
96	0.460000	0
96	0.480000	0
96	0.500000	0
96	0.520000	0
96	0.540000	0
96	0.560000	0
96	0.580000	0
96	0.600000	0
96	0.620000	0
96	0.640000	0
96	0.660000	0
96	0.680000	0
96	0.700000	0
96	0.720000	0
96	0.740000	0
96	0.760000	0
96	0.780000	0
96	0.800000	0
96	0.820000	0
96	0.840000	0
96	0.860000	0
96	0.880000	0
96	0.900000	0
96	0.920000	0
96	0.940000	0
96	0.960000	0
96	0.980000	0
96	1.000000	3984
97	0.000000	0
97	0.020000	0
97	0.040000	0
97	0.060000	0
97	0.080000	0
97	0.100000	0
97	0.120000	0
97	0.140000	0
97	0.160000	0
97	0.180000	0
97	0.200000	0
97	0.220000	0
97	0.240000	0
97	0.260000	0
97	0.280000	0
97	0.300000	0
97	0.320000	0
97	0.340000	0
97	0.360000	0
97	0.380000	0
97	0.400000	0
97	0.420000	0
97	0.440000	0
97	0.460000	0
97	0.480000	0
97	0.500000	0
97	0.520000	0
97	0.540000	0
97	0.560000	0
97	0.580000	0
97	0.600000	0
97	0.620000	0
97	0.640000	0
97	0.660000	0
97	0.680000	0
97	0.700000	0
97	0.720000	0
97	0.740000	0
97	0.760000	0
97	0.780000	0
97	0.800000	0
97	0.820000	0
97	0.840000	0
97	0.860000	0
97	0.880000	0
97	0.900000	0
97	0.920000	0
97	0.940000	0
97	0.960000	0
97	0.980000	0
97	1.000000	3988
98	0.000000	0
98	0.020000	0
98	0.040000	0
98	0.060000	0
98	0.080000	0
98	0.100000	0
98	0.120000	0
98	0.140000	0
98	0.160000	0
98	0.180000	0
98	0.200000	0
98	0.220000	0
98	0.240000	0
98	0.260000	0
98	0.280000	0
98	0.300000	0
98	0.320000	0
98	0.340000	0
98	0.360000	0
98	0.380000	0
98	0.400000	0
98	0.420000	0
98	0.440000	0
98	0.460000	0
98	0.480000	0
98	0.500000	0
98	0.520000	0
98	0.540000	0
98	0.560000	0
98	0.580000	0
98	0.600000	0
98	0.620000	0
98	0.640000	0
98	0.660000	0
98	0.680000	0
98	0.700000	0
98	0.720000	0
98	0.740000	0
98	0.760000	0
98	0.780000	0
98	0.800000	0
98	0.820000	0
98	0.840000	0
98	0.860000	0
98	0.880000	0
98	0.900000	0
98	0.920000	0
98	0.940000	0
98	0.960000	0
98	0.980000	0
98	1.000000	3988
99	0.000000	0
99	0.020000	0
99	0.040000	0
99	0.060000	0
99	0.080000	0
99	0.100000	0
99	0.120000	0
99	0.140000	0
99	0.160000	0
99	0.180000	0
99	0.200000	0
99	0.220000	0
99	0.240000	0
99	0.260000	0
99	0.280000	0
99	0.300000	0
99	0.320000	0
99	0.340000	0
99	0.360000	0
99	0.380000	0
99	0.400000	0
99	0.420000	0
99	0.440000	0
99	0.460000	0
99	0.480000	0
99	0.500000	0
99	0.520000	0
99	0.540000	0
99	0.560000	0
99	0.580000	0
99	0.600000	0
99	0.620000	0
99	0.640000	0
99	0.660000	0
99	0.680000	0
99	0.700000	0
99	0.720000	0
99	0.740000	0
99	0.760000	0
99	0.780000	0
99	0.800000	0
99	0.820000	0
99	0.840000	0
99	0.860000	0
99	0.880000	0
99	0.900000	0
99	0.920000	0
99	0.940000	0
99	0.960000	0
99	0.980000	0
99	1.000000	4002
